 Force constants in Cartesian coordinates: 
                1             2             3             4             5 
      1  0.649509D+00
      2 -0.896307D-02  0.114909D+00
      3 -0.237757D-03 -0.924661D-02  0.818708D+00
      4 -0.113731D+00  0.113421D-02  0.679026D-03  0.647901D+00
      5  0.113915D-02 -0.460790D-01  0.421678D-01 -0.970180D-02  0.658855D-01
      6  0.141938D-03  0.821741D-02 -0.519451D+00 -0.144892D-02 -0.800871D-01
      7 -0.272637D+00  0.540729D-03  0.127814D+00  0.448270D-02  0.657035D-03
      8 -0.705579D-04 -0.362397D-01  0.119657D-02  0.758695D-03  0.599780D-02
      9  0.123609D+00 -0.239613D-03 -0.131249D+00  0.296662D-01  0.465717D-03
     10 -0.272271D+00  0.737109D-02 -0.127622D+00  0.443815D-02 -0.607597D-03
     11  0.798027D-02 -0.365675D-01  0.549536D-02 -0.704863D-03  0.603131D-02
     12 -0.123467D+00  0.391890D-02 -0.131229D+00 -0.296337D-01  0.145758D-02
     13  0.431431D-02 -0.172610D-03  0.160444D-02 -0.269234D+00  0.209608D-01
     14 -0.374885D-03  0.454037D-02 -0.587800D-02  0.213668D-01 -0.320218D-01
     15 -0.297357D-01  0.247809D-02 -0.129782D-01 -0.122106D+00  0.140347D-01
     16  0.433570D-02  0.177650D-03 -0.179490D-02 -0.270546D+00 -0.129879D-01
     17  0.383395D-03  0.452017D-02 -0.583854D-02 -0.134075D-01 -0.307568D-01
     18  0.297983D-01  0.148171D-02 -0.129829D-01  0.122650D+00  0.999747D-02
     19  0.480314D-03 -0.879908D-04 -0.443251D-03 -0.331013D-02  0.540292D-03
     20 -0.942959D-04 -0.508319D-02 -0.278965D-01  0.554426D-03  0.309430D-01
     21 -0.108892D-03 -0.660988D-02 -0.108177D-01  0.193412D-03  0.119639D-01
                6             7             8             9            10 
      6  0.797018D+00
      7 -0.191086D-02  0.280847D+00
      8 -0.833336D-03 -0.486630D-03  0.225537D-01
      9 -0.129271D-01 -0.138595D+00 -0.229401D-03  0.137778D+00
     10  0.188184D-02 -0.151543D-01  0.724229D-03 -0.136164D-01  0.280475D+00
     11 -0.899747D-03 -0.955790D-04  0.376746D-02  0.793223D-04 -0.815194D-02
     12 -0.129226D-01  0.136116D-01 -0.377180D-03  0.100176D-01  0.138429D+00
     13 -0.125439D+00  0.102230D-02 -0.514023D-03 -0.216554D-03  0.149975D-02
     14  0.222625D-01 -0.181769D-03 -0.770973D-02 -0.935740D-04  0.136953D-03
     15 -0.129815D+00  0.216841D-03 -0.564159D-03  0.118822D-02  0.932049D-03
     16  0.126248D+00  0.148540D-02 -0.315255D-03 -0.891374D-03  0.103528D-02
     17  0.181127D-01  0.191587D-03  0.113957D-01 -0.108451D-03 -0.108062D-03
     18 -0.129874D+00 -0.915734D-03  0.534101D-03 -0.484861D-02 -0.234962D-03
     19  0.527414D-03 -0.463467D-04 -0.964579D-04  0.445605D-04 -0.229891D-04
     20  0.332276D-01 -0.625373D-03  0.234890D-03  0.126000D-03  0.635334D-03
     21  0.797152D-02 -0.220498D-03  0.273410D-03  0.403935D-04  0.230016D-03
               11            12            13            14            15 
     11  0.228896D-01
     12 -0.488605D-02  0.137756D+00
     13  0.643427D-03  0.885599D-03  0.277607D+00
     14  0.113854D-01 -0.140737D-03 -0.225284D-01  0.302182D-01
     15  0.500773D-03 -0.485033D-02  0.136797D+00 -0.138686D-01  0.136650D+00
     16  0.223322D-03  0.214218D-03 -0.151843D-01 -0.155377D-02  0.133234D-01
     17 -0.772164D-02 -0.992095D-04  0.212816D-02  0.186274D-02 -0.213470D-02
     18 -0.558259D-03  0.118817D-02 -0.133864D-01 -0.169203D-02  0.959872D-02
     19  0.105371D-03 -0.399787D-04 -0.244110D-04  0.313500D-02  0.572382D-03
     20  0.215336D-03  0.126703D-03 -0.517420D-03 -0.827520D-02 -0.446097D-03
     21  0.268607D-03  0.407723D-04 -0.245070D-03 -0.589529D-03  0.206820D-03
               16            17            18            19            20 
     16  0.278993D+00
     17  0.142134D-01  0.289063D-01
     18 -0.137325D+00 -0.932917D-02  0.136712D+00
     19 -0.118873D-03 -0.340099D-02 -0.586405D-03  0.304244D-02
     20  0.242553D-03 -0.820647D-02 -0.433819D-03 -0.195224D-03 -0.982834D-02
     21  0.225752D-03 -0.602638D-03  0.207216D-03 -0.747211D-04 -0.470384D-02
               21 
     21  0.235097D-02
--
 Force constants in Cartesian coordinates: 
                1             2             3             4             5 
      1  0.649411D+00
      2 -0.895578D-02  0.115217D+00
      3 -0.243312D-03 -0.963192D-02  0.823288D+00
      4 -0.113833D+00  0.112852D-02  0.639378D-03  0.647690D+00
      5  0.113304D-02 -0.465541D-01  0.397708D-01 -0.963244D-02  0.700358D-01
      6  0.143008D-03  0.831920D-02 -0.524838D+00 -0.138781D-02 -0.755048D-01
      7 -0.272518D+00  0.549140D-03  0.127826D+00  0.446815D-02  0.600831D-03
      8 -0.286184D-04 -0.364323D-01  0.115081D-02  0.680064D-03  0.602987D-02
      9  0.123555D+00 -0.217384D-03 -0.131229D+00  0.296869D-01  0.435612D-03
     10 -0.272157D+00  0.735165D-02 -0.127635D+00  0.442810D-02 -0.550017D-03
     11  0.792719D-02 -0.367584D-01  0.545070D-02 -0.624801D-03  0.605964D-02
     12 -0.123412D+00  0.394124D-02 -0.131210D+00 -0.296554D-01  0.142859D-02
     13  0.431228D-02 -0.158353D-03  0.169071D-02 -0.269258D+00  0.201420D-01
     14 -0.303896D-03  0.466169D-02 -0.543949D-02  0.205167D-01 -0.324694D-01
     15 -0.297481D-01  0.239175D-02 -0.129779D-01 -0.122176D+00  0.135101D-01
     16  0.433101D-02  0.167581D-03 -0.186577D-02 -0.270528D+00 -0.121848D-01
     17  0.316622D-03  0.464457D-02 -0.539741D-02 -0.125722D-01 -0.312414D-01
     18  0.298079D-01  0.139466D-02 -0.129827D-01  0.122717D+00  0.946811D-02
     19  0.452995D-03 -0.827609D-04 -0.411530D-03 -0.296726D-02  0.491424D-03
     20 -0.885619D-04 -0.477879D-02 -0.259035D-01  0.504160D-03  0.281395D-01
     21 -0.102034D-03 -0.619755D-02 -0.100512D-01  0.176095D-03  0.108916D-01
                6             7             8             9            10 
      6  0.803164D+00
      7 -0.197969D-02  0.280752D+00
      8 -0.772639D-03 -0.503024D-03  0.227136D-01
      9 -0.129412D-01 -0.138561D+00 -0.241403D-03  0.137781D+00
     10  0.195280D-02 -0.151737D-01  0.720453D-03 -0.136174D-01  0.280384D+00
     11 -0.839964D-03 -0.915892D-04  0.375223D-02  0.795260D-04 -0.812634D-02
     12 -0.129368D-01  0.136126D-01 -0.377233D-03  0.100119D-01  0.138395D+00
     13 -0.125611D+00  0.102894D-02 -0.493719D-03 -0.216338D-03  0.150042D-02
     14  0.211743D-01 -0.177819D-03 -0.778514D-02 -0.101118D-03  0.133553D-03
     15 -0.129932D+00  0.215821D-03 -0.546904D-03  0.118634D-02  0.927047D-03
     16  0.126397D+00  0.148723D-02 -0.285629D-03 -0.889540D-03  0.104101D-02
     17  0.170171D-01  0.198081D-03  0.114894D-01 -0.801402D-04 -0.114698D-03
     18 -0.129995D+00 -0.911105D-03  0.524319D-03 -0.484822D-02 -0.233359D-03
     19  0.485876D-03 -0.447867D-04 -0.895270D-04  0.428684D-04 -0.232476D-04
     20  0.306068D-01 -0.575619D-03  0.232354D-03  0.124908D-03  0.585397D-03
     21  0.747857D-02 -0.201767D-03  0.263048D-03  0.391788D-04  0.210891D-03
               11            12            13            14            15 
     11  0.230483D-01
     12 -0.489893D-02  0.137759D+00
     13  0.616735D-03  0.884651D-03  0.277647D+00
     14  0.114802D-01 -0.112457D-03 -0.216534D-01  0.299474D-01
     15  0.490948D-03 -0.484994D-02  0.136887D+00 -0.133688D-01  0.136780D+00
     16  0.200460D-03  0.213829D-03 -0.152140D-01 -0.146415D-02  0.133470D-01
     17 -0.779642D-02 -0.106773D-03  0.204206D-02  0.194547D-02 -0.204260D-02
     18 -0.541087D-03  0.118630D-02 -0.134067D-01 -0.159880D-02  0.960810D-02
     19  0.983469D-04 -0.383367D-04 -0.169827D-04  0.294896D-02  0.547729D-03
     20  0.214432D-03  0.125566D-03 -0.495318D-03 -0.778017D-02 -0.434519D-03
     21  0.258805D-03  0.395400D-04 -0.227750D-03 -0.553664D-03  0.185285D-03
               16            17            18            19            20 
     16  0.278989D+00
     17  0.133299D-01  0.286741D-01
     18 -0.137412D+00 -0.882438D-02  0.136846D+00
     19 -0.105532D-03 -0.319973D-02 -0.561478D-03  0.270481D-02
     20  0.236657D-03 -0.771575D-02 -0.422822D-03 -0.166714D-03 -0.831156D-02
     21  0.209693D-03 -0.565750D-03  0.185654D-03 -0.651286D-04 -0.409647D-02
               21 
     21  0.212293D-02
--
 Force constants in Cartesian coordinates: 
                1             2             3             4             5 
      1  0.649202D+00
      2 -0.891053D-02  0.115512D+00
      3 -0.250040D-03 -0.100266D-01  0.827268D+00
      4 -0.113937D+00  0.111824D-02  0.609478D-03  0.647592D+00
      5  0.111874D-02 -0.470154D-01  0.376052D-01 -0.950059D-02  0.739509D-01
      6  0.146768D-03  0.844104D-02 -0.529597D+00 -0.133285D-02 -0.713271D-01
      7 -0.272344D+00  0.540989D-03  0.127789D+00  0.445351D-02  0.549825D-03
      8 -0.232190D-05 -0.366141D-01  0.111237D-02  0.603643D-03  0.605671D-02
      9  0.123460D+00 -0.188466D-03 -0.131188D+00  0.297029D-01  0.411164D-03
     10 -0.271986D+00  0.731761D-02 -0.127602D+00  0.441783D-02 -0.497363D-03
     11  0.786033D-02 -0.369370D-01  0.540088D-02 -0.547572D-03  0.608134D-02
     12 -0.123318D+00  0.395435D-02 -0.131172D+00 -0.296725D-01  0.139911D-02
     13  0.431089D-02 -0.146827D-03  0.177037D-02 -0.269317D+00  0.193639D-01
     14 -0.235933D-03  0.477498D-02 -0.503559D-02  0.197078D-01 -0.328765D-01
     15 -0.297580D-01  0.230899D-02 -0.129780D-01 -0.122268D+00  0.130141D-01
     16  0.432638D-02  0.159113D-03 -0.192974D-02 -0.270548D+00 -0.114864D-01
     17  0.252368D-03  0.476181D-02 -0.499050D-02 -0.118403D-01 -0.316991D-01
     18  0.298155D-01  0.131685D-02 -0.129829D-01  0.122800D+00  0.899943D-02
     19  0.427347D-03 -0.785927D-04 -0.386767D-03 -0.266118D-02  0.451891D-03
     20 -0.826589D-04 -0.448275D-02 -0.240658D-01  0.458726D-03  0.255021D-01
     21 -0.955501D-04 -0.580616D-02 -0.935014D-02  0.160927D-03  0.989816D-02
                6             7             8             9            10 
      6  0.808616D+00
      7 -0.204137D-02  0.280600D+00
      8 -0.711911D-03 -0.501439D-03  0.228716D-01
      9 -0.129512D-01 -0.138483D+00 -0.262939D-03  0.137760D+00
     10  0.201683D-02 -0.151899D-01  0.715552D-03 -0.136167D-01  0.280234D+00
     11 -0.783607D-03 -0.896546D-04  0.373537D-02  0.783306D-04 -0.808483D-02
     12 -0.129475D-01  0.136118D-01 -0.376158D-03  0.100053D-01  0.138318D+00
     13 -0.125793D+00  0.103484D-02 -0.473328D-03 -0.216276D-03  0.150099D-02
     14  0.201589D-01 -0.174051D-03 -0.785368D-02 -0.108400D-03  0.129931D-03
     15 -0.130043D+00  0.215089D-03 -0.530953D-03  0.118450D-02  0.922364D-03
     16  0.126550D+00  0.148893D-02 -0.259477D-03 -0.887810D-03  0.104607D-02
     17  0.160275D-01  0.203883D-03  0.115747D-01 -0.532095D-04 -0.120056D-03
     18 -0.130104D+00 -0.906666D-03  0.516721D-03 -0.484802D-02 -0.232053D-03
     19  0.453250D-03 -0.433399D-04 -0.826290D-04  0.413199D-04 -0.233351D-04
     20  0.281952D-01 -0.529552D-03  0.229357D-03  0.123520D-03  0.539156D-03
     21  0.702622D-02 -0.184433D-03  0.252869D-03  0.378787D-04  0.193232D-03
               11            12            13            14            15 
     11  0.232040D-01
     12 -0.490235D-02  0.137741D+00
     13  0.589886D-03  0.883920D-03  0.277722D+00
     14  0.115666D-01 -0.848121D-04 -0.208176D-01  0.296814D-01
     15  0.482952D-03 -0.484966D-02  0.136994D+00 -0.128948D-01  0.136905D+00
     16  0.180483D-03  0.213571D-03 -0.152424D-01 -0.138343D-02  0.133699D-01
     17 -0.786418D-02 -0.114389D-03  0.196074D-02  0.202407D-02 -0.195570D-02
     18 -0.525501D-03  0.118442D-02 -0.134271D-01 -0.151324D-02  0.961674D-02
     19  0.913534D-04 -0.368090D-04 -0.987129D-05  0.277330D-02  0.524658D-03
     20  0.213871D-03  0.124251D-03 -0.476701D-03 -0.731682D-02 -0.424587D-03
     21  0.249302D-03  0.382580D-04 -0.211807D-03 -0.522126D-03  0.164841D-03
               16            17            18            19            20 
     16  0.279022D+00
     17  0.125533D-01  0.284504D-01
     18 -0.137511D+00 -0.838228D-02  0.136969D+00
     19 -0.923552D-04 -0.300997D-02 -0.538348D-03  0.240273D-02
     20  0.236391D-03 -0.724772D-02 -0.411981D-03 -0.145360D-03 -0.689802D-02
     21  0.194934D-03 -0.531424D-03  0.164975D-03 -0.573038D-04 -0.354062D-02
               21 
     21  0.191797D-02
--
 Force constants in Cartesian coordinates: 
                1             2             3             4             5 
      1  0.649116D+00
      2 -0.889014D-02  0.115732D+00
      3 -0.255711D-03 -0.104249D-01  0.831182D+00
      4 -0.114012D+00  0.111129D-02  0.577995D-03  0.647425D+00
      5  0.111123D-02 -0.474367D-01  0.356252D-01 -0.942757D-02  0.775479D-01
      6  0.148938D-03  0.857508D-02 -0.534184D+00 -0.127712D-02 -0.674152D-01
      7 -0.272245D+00  0.536391D-03  0.127799D+00  0.443943D-02  0.503434D-03
      8  0.251332D-04 -0.367701D-01  0.107615D-02  0.527206D-03  0.608158D-02
      9  0.123415D+00 -0.159140D-03 -0.131170D+00  0.297208D-01  0.384551D-03
     10 -0.271890D+00  0.730022D-02 -0.127615D+00  0.440793D-02 -0.449910D-03
     11  0.781078D-02 -0.370912D-01  0.535833D-02 -0.470099D-03  0.610305D-02
     12 -0.123274D+00  0.397695D-02 -0.131155D+00 -0.296912D-01  0.137193D-02
     13  0.430775D-02 -0.137429D-03  0.184311D-02 -0.269343D+00  0.186109D-01
     14 -0.170659D-03  0.488546D-02 -0.465896D-02  0.189123D-01 -0.332603D-01
     15 -0.297694D-01  0.222916D-02 -0.129797D-01 -0.122334D+00  0.125237D-01
     16  0.432085D-02  0.153506D-03 -0.198932D-02 -0.270531D+00 -0.107580D-01
     17  0.190895D-03  0.487514D-02 -0.461078D-02 -0.110679D-01 -0.321234D-01
     18  0.298243D-01  0.123789D-02 -0.129844D-01  0.122857D+00  0.850920D-02
     19  0.403249D-03 -0.738360D-04 -0.360375D-03 -0.238510D-02  0.409899D-03
     20 -0.772462D-04 -0.419475D-02 -0.223650D-01  0.414759D-03  0.230878D-01
     21 -0.894291D-04 -0.543501D-02 -0.870848D-02  0.146290D-03  0.900063D-02
                6             7             8             9            10 
      6  0.813831D+00
      7 -0.209883D-02  0.280523D+00
      8 -0.654034D-03 -0.503618D-03  0.230063D-01
      9 -0.129630D-01 -0.138456D+00 -0.283093D-03  0.137762D+00
     10  0.207644D-02 -0.152071D-01  0.712142D-03 -0.136176D-01  0.280160D+00
     11 -0.726016D-03 -0.871809D-04  0.371853D-02  0.775563D-04 -0.806085D-02
     12 -0.129594D-01  0.136126D-01 -0.376400D-03  0.100000D-01  0.138292D+00
     13 -0.125945D+00  0.104071D-02 -0.453665D-03 -0.216084D-03  0.150191D-02
     14  0.191833D-01 -0.170922D-03 -0.791821D-02 -0.115837D-03  0.127161D-03
     15 -0.130141D+00  0.214273D-03 -0.514406D-03  0.118287D-02  0.917835D-03
     16  0.126676D+00  0.149094D-02 -0.231439D-03 -0.885703D-03  0.105111D-02
     17  0.150491D-01  0.208715D-03  0.116548D-01 -0.259517D-04 -0.124997D-03
     18 -0.130203D+00 -0.902447D-03  0.508540D-03 -0.484794D-02 -0.230660D-03
     19  0.418854D-03 -0.418556D-04 -0.757593D-04  0.399277D-04 -0.234311D-04
     20  0.259878D-01 -0.486820D-03  0.227150D-03  0.121913D-03  0.496243D-03
     21  0.662017D-02 -0.168432D-03  0.243243D-03  0.364678D-04  0.176871D-03
               11            12            13            14            15 
     11  0.233374D-01
     12 -0.491572D-02  0.137744D+00
     13  0.563861D-03  0.882698D-03  0.277765D+00
     14  0.116475D-01 -0.575293D-04 -0.200045D-01  0.294288D-01
     15  0.474811D-03 -0.484956D-02  0.137077D+00 -0.124266D-01  0.137018D+00
     16  0.159091D-03  0.213194D-03 -0.152687D-01 -0.130215D-02  0.133911D-01
     17 -0.792814D-02 -0.121859D-03  0.188154D-02  0.209578D-02 -0.187282D-02
     18 -0.509006D-03  0.118279D-02 -0.134454D-01 -0.142990D-02  0.962412D-02
     19  0.844012D-04 -0.354991D-04 -0.348715D-05  0.260876D-02  0.502783D-03
     20  0.212930D-03  0.122635D-03 -0.460744D-03 -0.687910D-02 -0.413855D-03
     21  0.240051D-03  0.368167D-04 -0.196993D-03 -0.494527D-03  0.145499D-03
               16            17            18            19            20 
     16  0.279018D+00
     17  0.117437D-01  0.282369D-01
     18 -0.137587D+00 -0.791571D-02  0.137083D+00
     19 -0.805170D-04 -0.283196D-02 -0.516270D-03  0.213114D-02
     20  0.235312D-03 -0.681106D-02 -0.401010D-03 -0.121505D-03 -0.564298D-02
     21  0.181113D-03 -0.501950D-03  0.145744D-03 -0.494202D-04 -0.305244D-02
               21 
     21  0.172378D-02
--
 Force constants in Cartesian coordinates: 
                1             2             3             4             5 
      1  0.649026D+00
      2 -0.887633D-02  0.115913D+00
      3 -0.261524D-03 -0.108245D-01  0.834825D+00
      4 -0.114074D+00  0.110521D-02  0.548971D-03  0.647266D+00
      5  0.110482D-02 -0.478299D-01  0.338383D-01 -0.936608D-02  0.807645D-01
      6  0.151053D-03  0.872180D-02 -0.538441D+00 -0.122460D-02 -0.638368D-01
      7 -0.272152D+00  0.532244D-03  0.127809D+00  0.442548D-02  0.461667D-03
      8  0.524291D-04 -0.369108D-01  0.104037D-02  0.451747D-03  0.610388D-02
      9  0.123373D+00 -0.130022D-03 -0.131153D+00  0.297375D-01  0.358504D-03
     10 -0.271800D+00  0.728827D-02 -0.127626D+00  0.439791D-02 -0.407152D-03
     11  0.776725D-02 -0.372305D-01  0.531876D-02 -0.393651D-03  0.612232D-02
     12 -0.123232D+00  0.400200D-02 -0.131138D+00 -0.297088D-01  0.134594D-02
     13  0.430402D-02 -0.130071D-03  0.190979D-02 -0.269366D+00  0.178877D-01
     14 -0.108084D-03  0.499103D-02 -0.431049D-02  0.181414D-01 -0.336120D-01
     15 -0.297803D-01  0.215258D-02 -0.129822D-01 -0.122396D+00  0.120478D-01
     16  0.431492D-02  0.149807D-03 -0.204403D-02 -0.270511D+00 -0.100525D-01
     17  0.132008D-03  0.498328D-02 -0.425978D-02 -0.103136D-01 -0.325154D-01
     18  0.298328D-01  0.116157D-02 -0.129868D-01  0.122910D+00  0.803040D-02
     19  0.380768D-03 -0.691277D-04 -0.335577D-03 -0.213750D-02  0.371561D-03
     20 -0.720857D-04 -0.391623D-02 -0.208027D-01  0.375035D-03  0.209665D-01
     21 -0.836220D-04 -0.508343D-02 -0.812408D-02  0.133259D-03  0.821584D-02
                6             7             8             9            10 
      6  0.818646D+00
      7 -0.215123D-02  0.280451D+00
      8 -0.597165D-03 -0.506334D-03  0.231303D-01
      9 -0.129740D-01 -0.138432D+00 -0.302928D-03  0.137764D+00
     10  0.213089D-02 -0.152234D-01  0.709215D-03 -0.136183D-01  0.280090D+00
     11 -0.669292D-03 -0.848230D-04  0.370098D-02  0.766917D-04 -0.804252D-02
     12 -0.129705D-01  0.136132D-01 -0.377030D-03  0.999489D-02  0.138268D+00
     13 -0.126085D+00  0.104630D-02 -0.434377D-03 -0.215874D-03  0.150298D-02
     14  0.182587D-01 -0.168384D-03 -0.797813D-02 -0.123174D-03  0.124947D-03
     15 -0.130231D+00  0.213521D-03 -0.498024D-03  0.118136D-02  0.913479D-03
     16  0.126792D+00  0.149304D-02 -0.203720D-03 -0.883434D-03  0.105590D-02
     17  0.141189D-01  0.212974D-03  0.117289D-01  0.000000D+00 -0.129354D-03
     18 -0.130294D+00 -0.898375D-03  0.500898D-03 -0.484796D-02 -0.229351D-03
     19  0.387203D-03 -0.404031D-04 -0.689602D-04  0.386818D-04 -0.234750D-04
     20  0.240039D-01 -0.447344D-03  0.224820D-03  0.120105D-03  0.456589D-03
     21  0.626482D-02 -0.153655D-03  0.233876D-03  0.349591D-04  0.161746D-03
               11            12            13            14            15 
     11  0.234605D-01
     12 -0.493175D-02  0.137747D+00
     13  0.538230D-03  0.881300D-03  0.277805D+00
     14  0.117224D-01 -0.307556D-04 -0.192202D-01  0.291851D-01
     15  0.467199D-03 -0.484956D-02  0.137156D+00 -0.119721D-01  0.137124D+00
     16  0.138001D-03  0.212789D-03 -0.152937D-01 -0.122380D-02  0.134112D-01
     17 -0.798752D-02 -0.129220D-03  0.180541D-02  0.216192D-02 -0.179414D-02
     18 -0.492657D-03  0.118129D-02 -0.134628D-01 -0.135057D-02  0.963059D-02
     19  0.775092D-04 -0.343520D-04  0.235262D-05  0.245416D-02  0.482195D-03
     20  0.211820D-03  0.120819D-03 -0.446684D-03 -0.647037D-02 -0.403269D-03
     21  0.231043D-03  0.352775D-04 -0.183074D-03 -0.471522D-03  0.127154D-03
               16            17            18            19            20 
     16  0.279011D+00
     17  0.109571D-01  0.280328D-01
     18 -0.137657D+00 -0.745942D-02  0.137189D+00
     19 -0.694635D-04 -0.266453D-02 -0.495452D-03  0.188772D-02
     20  0.235109D-03 -0.640401D-02 -0.390217D-03 -0.100620D-03 -0.461257D-02
     21  0.168047D-03 -0.477204D-03  0.127591D-03 -0.427000D-04 -0.264860D-02
               21 
     21  0.153429D-02
--
 Force constants in Cartesian coordinates: 
                1             2             3             4             5 
      1  0.648935D+00
      2 -0.886646D-02  0.116060D+00
      3 -0.267485D-03 -0.112249D-01  0.838209D+00
      4 -0.114124D+00  0.109974D-02  0.522688D-03  0.647113D+00
      5  0.109908D-02 -0.481962D-01  0.322344D-01 -0.931374D-02  0.835981D-01
      6  0.153238D-03  0.888022D-02 -0.542382D+00 -0.117512D-02 -0.605830D-01
      7 -0.272065D+00  0.527436D-03  0.127816D+00  0.441169D-02  0.424228D-03
      8  0.784496D-04 -0.370374D-01  0.100567D-02  0.377429D-03  0.612394D-02
      9  0.123335D+00 -0.100681D-03 -0.131136D+00  0.297531D-01  0.333214D-03
     10 -0.271714D+00  0.728061D-02 -0.127636D+00  0.438783D-02 -0.368779D-03
     11  0.772862D-02 -0.373561D-01  0.528176D-02 -0.318398D-03  0.613942D-02
     12 -0.123192D+00  0.402880D-02 -0.131123D+00 -0.297253D-01  0.132101D-02
     13  0.429978D-02 -0.124376D-03  0.197085D-02 -0.269386D+00  0.171940D-01
     14 -0.481552D-04  0.509166D-02 -0.398857D-02  0.173965D-01 -0.339319D-01
     15 -0.297907D-01  0.207924D-02 -0.129854D-01 -0.122454D+00  0.115872D-01
     16  0.430862D-02  0.147612D-03 -0.209413D-02 -0.270487D+00 -0.937276D-02
     17  0.756280D-04  0.508622D-02 -0.393575D-02 -0.958195D-02 -0.328763D-01
     18  0.298408D-01  0.108819D-02 -0.129897D-01  0.122957D+00  0.756524D-02
     19  0.359879D-03 -0.645655D-04 -0.312680D-03 -0.191485D-02  0.338001D-03
     20 -0.671669D-04 -0.364834D-02 -0.193726D-01  0.340439D-03  0.191430D-01
     21 -0.781226D-04 -0.475084D-02 -0.759306D-02  0.122048D-03  0.754186D-02
                6             7             8             9            10 
      6  0.823078D+00
      7 -0.219896D-02  0.280384D+00
      8 -0.541304D-03 -0.508349D-03  0.232447D-01
      9 -0.129844D-01 -0.138410D+00 -0.323068D-03  0.137766D+00
     10  0.218060D-02 -0.152390D-01  0.706680D-03 -0.136190D-01  0.280024D+00
     11 -0.613531D-03 -0.826744D-04  0.368283D-02  0.756830D-04 -0.802860D-02
     12 -0.129810D-01  0.136138D-01 -0.377958D-03  0.998988D-02  0.138245D+00
     13 -0.126215D+00  0.105163D-02 -0.415478D-03 -0.215666D-03  0.150415D-02
     14  0.173843D-01 -0.166356D-03 -0.803380D-02 -0.130402D-03  0.123207D-03
     15 -0.130314D+00  0.212849D-03 -0.481914D-03  0.117996D-02  0.909291D-03
     16  0.126897D+00  0.149519D-02 -0.176475D-03 -0.880998D-03  0.106048D-02
     17  0.132379D-01  0.216685D-03  0.117975D-01  0.270652D-04 -0.133151D-03
     18 -0.130376D+00 -0.894444D-03  0.493837D-03 -0.484809D-02 -0.228140D-03
     19  0.358788D-03 -0.389939D-04 -0.622565D-04  0.375795D-04 -0.234631D-04
     20  0.222354D-01 -0.410969D-03  0.222266D-03  0.118188D-03  0.420034D-03
     21  0.595908D-02 -0.140018D-03  0.224737D-03  0.333828D-04  0.147771D-03
               11            12            13            14            15 
     11  0.235743D-01
     12 -0.494975D-02  0.137750D+00
     13  0.513024D-03  0.879729D-03  0.277840D+00
     14  0.117917D-01 -0.452155D-05 -0.184655D-01  0.289502D-01
     15  0.460165D-03 -0.484967D-02  0.137230D+00 -0.115324D-01  0.137223D+00
     16  0.117333D-03  0.212374D-03 -0.153178D-01 -0.114849D-02  0.134301D-01
     17 -0.804265D-02 -0.136469D-03  0.173230D-02  0.222288D-02 -0.171947D-02
     18 -0.476567D-03  0.117991D-02 -0.134791D-01 -0.127518D-02  0.963616D-02
     19  0.706980D-04 -0.333522D-04  0.770228D-05  0.230882D-02  0.462871D-03
     20  0.210449D-03  0.118897D-03 -0.433921D-03 -0.609070D-02 -0.392798D-03
     21  0.222241D-03  0.336704D-04 -0.169843D-03 -0.453197D-03  0.109785D-03
               16            17            18            19            20 
     16  0.279000D+00
     17  0.101974D-01  0.278390D-01
     18 -0.137720D+00 -0.701584D-02  0.137287D+00
     19 -0.591429D-04 -0.250696D-02 -0.475846D-03  0.166887D-02
     20  0.235327D-03 -0.602665D-02 -0.379678D-03 -0.837444D-04 -0.381001D-02
     21  0.155524D-03 -0.457415D-03  0.110416D-03 -0.373601D-04 -0.232739D-02
               21 
     21  0.134672D-02
--
 Force constants in Cartesian coordinates: 
                1             2             3             4             5 
      1  0.648842D+00
      2 -0.885929D-02  0.116178D+00
      3 -0.273576D-03 -0.116257D-01  0.841349D+00
      4 -0.114165D+00  0.109478D-02  0.499123D-03  0.646963D+00
      5  0.109388D-02 -0.485367D-01  0.307981D-01 -0.926896D-02  0.861161D-01
      6  0.155538D-03  0.904933D-02 -0.546029D+00 -0.112851D-02 -0.576170D-01
      7 -0.271982D+00  0.521476D-03  0.127823D+00  0.439809D-02  0.390777D-03
      8  0.102643D-03 -0.371512D-01  0.972418D-03  0.304384D-03  0.614201D-02
      9  0.123298D+00 -0.709525D-04 -0.131121D+00  0.297675D-01  0.308714D-03
     10 -0.271633D+00  0.727667D-02 -0.127644D+00  0.437772D-02 -0.334447D-03
     11  0.769440D-02 -0.374691D-01  0.524719D-02 -0.244476D-03  0.615462D-02
     12 -0.123155D+00  0.405699D-02 -0.131107D+00 -0.297406D-01  0.129705D-02
     13  0.429512D-02 -0.119952D-03  0.202690D-02 -0.269401D+00  0.165296D-01
     14  0.919053D-05  0.518735D-02 -0.369086D-02  0.166787D-01 -0.342223D-01
     15 -0.298007D-01  0.200915D-02 -0.129889D-01 -0.122508D+00  0.111423D-01
     16  0.430200D-02  0.146524D-03 -0.214011D-02 -0.270460D+00 -0.871966D-02
     17  0.216822D-04  0.518401D-02 -0.363631D-02 -0.887496D-02 -0.332086D-01
     18  0.298486D-01  0.101786D-02 -0.129932D-01  0.122998D+00  0.711450D-02
     19  0.340538D-03 -0.601992D-04 -0.291722D-03 -0.171373D-02  0.308814D-03
     20 -0.624927D-04 -0.339214D-02 -0.180648D-01  0.310516D-03  0.175548D-01
     21 -0.729252D-04 -0.443670D-02 -0.711038D-02  0.112424D-03  0.695631D-02
                6             7             8             9            10 
      6  0.827157D+00
      7 -0.224244D-02  0.280321D+00
      8 -0.486496D-03 -0.509084D-03  0.233502D-01
      9 -0.129941D-01 -0.138389D+00 -0.343791D-03  0.137768D+00
     10  0.222600D-02 -0.152539D-01  0.704498D-03 -0.136195D-01  0.279963D+00
     11 -0.558793D-03 -0.807688D-04  0.366418D-02  0.745178D-04 -0.801856D-02
     12 -0.129908D-01  0.136143D-01 -0.379138D-03  0.998497D-02  0.138224D+00
     13 -0.126336D+00  0.105675D-02 -0.397003D-03 -0.215486D-03  0.150537D-02
     14  0.165581D-01 -0.164764D-03 -0.808555D-02 -0.137514D-03  0.121878D-03
     15 -0.130388D+00  0.212266D-03 -0.466152D-03  0.117867D-02  0.905263D-03
     16  0.126992D+00  0.149735D-02 -0.149770D-03 -0.878392D-03  0.106489D-02
     17  0.124041D-01  0.219889D-03  0.118609D-01  0.527424D-04 -0.136441D-03
     18 -0.130450D+00 -0.890645D-03  0.487354D-03 -0.484832D-02 -0.227036D-03
     19  0.333387D-03 -0.376331D-04 -0.556693D-04  0.366172D-04 -0.233961D-04
     20  0.206507D-01 -0.377525D-03  0.219444D-03  0.116283D-03  0.386408D-03
     21  0.569438D-02 -0.127442D-03  0.215804D-03  0.317824D-04  0.134869D-03
               11            12            13            14            15 
     11  0.236795D-01
     12 -0.496943D-02  0.137752D+00
     13  0.488288D-03  0.877980D-03  0.277872D+00
     14  0.118559D-01  0.211451D-04 -0.177410D-01  0.287237D-01
     15  0.453714D-03 -0.484987D-02  0.137298D+00 -0.111083D-01  0.137314D+00
     16  0.971392D-04  0.211974D-03 -0.153412D-01 -0.107615D-02  0.134481D-01
     17 -0.809388D-02 -0.143602D-03  0.166212D-02  0.227917D-02 -0.164859D-02
     18 -0.460808D-03  0.117864D-02 -0.134946D-01 -0.120355D-02  0.964090D-02
     19  0.639872D-04 -0.324858D-04  0.126209D-04  0.217208D-02  0.444763D-03
     20  0.208748D-03  0.116983D-03 -0.422092D-03 -0.573838D-02 -0.382179D-03
     21  0.213618D-03  0.320377D-04 -0.157169D-03 -0.439049D-03  0.934462D-04
               16            17            18            19            20 
     16  0.278986D+00
     17  0.946632D-02  0.276560D-01
     18 -0.137777D+00 -0.658608D-02  0.137378D+00
     19 -0.495348D-04 -0.235860D-02 -0.457389D-03  0.147113D-02
     20  0.235601D-03 -0.567761D-02 -0.369279D-03 -0.704145D-04 -0.317491D-02
     21  0.143414D-03 -0.442296D-03  0.941970D-04 -0.331700D-04 -0.206769D-02
               21 
     21  0.116454D-02
--
 Force constants in Cartesian coordinates: 
                1             2             3             4             5 
      1  0.648749D+00
      2 -0.885418D-02  0.116270D+00
      3 -0.279787D-03 -0.120262D-01  0.844265D+00
      4 -0.114197D+00  0.109028D-02  0.478063D-03  0.646817D+00
      5  0.108915D-02 -0.488521D-01  0.295096D-01 -0.922954D-02  0.884302D-01
      6  0.157988D-03  0.922840D-02 -0.549407D+00 -0.108423D-02 -0.548843D-01
      7 -0.271903D+00  0.514136D-03  0.127829D+00  0.438469D-02  0.360970D-03
      8  0.124716D-03 -0.372534D-01  0.940835D-03  0.232741D-03  0.615832D-02
      9  0.123265D+00 -0.407905D-04 -0.131106D+00  0.297808D-01  0.284994D-03
     10 -0.271557D+00  0.727607D-02 -0.127650D+00  0.436762D-02 -0.303808D-03
     11  0.766427D-02 -0.375707D-01  0.521497D-02 -0.172011D-03  0.616818D-02
     12 -0.123121D+00  0.408634D-02 -0.131093D+00 -0.297547D-01  0.127401D-02
     13  0.429009D-02 -0.116470D-03  0.207857D-02 -0.269413D+00  0.158943D-01
     14  0.640209D-04  0.527818D-02 -0.341459D-02  0.159887D-01 -0.344870D-01
     15 -0.298101D-01  0.194224D-02 -0.129925D-01 -0.122557D+00  0.107131D-01
     16  0.429513D-02  0.146210D-03 -0.218252D-02 -0.270428D+00 -0.809353D-02
     17 -0.299000D-04  0.527673D-02 -0.335865D-02 -0.819388D-02 -0.335163D-01
     18  0.298558D-01  0.950585D-03 -0.129967D-01  0.123033D+00  0.667836D-02
     19  0.322673D-03 -0.560549D-04 -0.272553D-03 -0.153142D-02  0.282475D-03
     20 -0.580818D-04 -0.314850D-02 -0.168659D-01  0.283741D-03  0.160987D-01
     21 -0.680294D-04 -0.414053D-02 -0.666998D-02  0.103842D-03  0.642422D-02
                6             7             8             9            10 
      6  0.830926D+00
      7 -0.228208D-02  0.280262D+00
      8 -0.432772D-03 -0.508249D-03  0.234476D-01
      9 -0.130033D-01 -0.138370D+00 -0.365222D-03  0.137770D+00
     10  0.226751D-02 -0.152682D-01  0.702645D-03 -0.136199D-01  0.279905D+00
     11 -0.505121D-03 -0.791167D-04  0.364515D-02  0.731987D-04 -0.801206D-02
     12 -0.130000D-01  0.136147D-01 -0.380537D-03  0.998017D-02  0.138205D+00
     13 -0.126446D+00  0.106169D-02 -0.378987D-03 -0.215350D-03  0.150661D-02
     14  0.157764D-01 -0.163532D-03 -0.813371D-02 -0.144513D-03  0.120898D-03
     15 -0.130456D+00  0.211775D-03 -0.450792D-03  0.117749D-02  0.901383D-03
     16  0.127077D+00  0.149948D-02 -0.123643D-03 -0.875620D-03  0.106915D-02
     17  0.116144D-01  0.222639D-03  0.119197D-01  0.778296D-04 -0.139290D-03
     18 -0.130517D+00 -0.886971D-03  0.481427D-03 -0.484865D-02 -0.226040D-03
     19  0.310312D-03 -0.363217D-04 -0.492233D-04  0.357877D-04 -0.232777D-04
     20  0.192030D-01 -0.346847D-03  0.216316D-03  0.114503D-03  0.355543D-03
     21  0.545654D-02 -0.115863D-03  0.207060D-03  0.302044D-04  0.122973D-03
               11            12            13            14            15 
     11  0.237768D-01
     12 -0.499060D-02  0.137755D+00
     13  0.464064D-03  0.876054D-03  0.277901D+00
     14  0.119154D-01  0.462180D-04 -0.170466D-01  0.285056D-01
     15  0.447833D-03 -0.485017D-02  0.137361D+00 -0.107001D-01  0.137398D+00
     16  0.774558D-04  0.211610D-03 -0.153642D-01 -0.100678D-02  0.134649D-01
     17 -0.814152D-02 -0.150619D-03  0.159485D-02  0.233141D-02 -0.158125D-02
     18 -0.445433D-03  0.117748D-02 -0.135091D-01 -0.113547D-02  0.964487D-02
     19  0.574022D-04 -0.317403D-04  0.171642D-04  0.204331D-02  0.427789D-03
     20  0.206671D-03  0.115190D-03 -0.411145D-03 -0.540991D-02 -0.370958D-03
     21  0.205156D-03  0.304254D-04 -0.145056D-03 -0.427951D-03  0.782607D-04
               16            17            18            19            20 
     16  0.278969D+00
     17  0.876442D-02  0.274836D-01
     18 -0.137827D+00 -0.617077D-02  0.137461D+00
     19 -0.406236D-04 -0.221884D-02 -0.440000D-03  0.129181D-02
     20  0.235865D-03 -0.535370D-02 -0.358705D-03 -0.590750D-04 -0.260959D-02
     21  0.131728D-03 -0.430904D-03  0.789874D-04 -0.295949D-04 -0.183705D-02
               21 
     21  0.995559D-03
--
 Force constants in Cartesian coordinates: 
                1             2             3             4             5 
      1  0.648655D+00
      2 -0.885070D-02  0.116340D+00
      3 -0.286116D-03 -0.124265D-01  0.846975D+00
      4 -0.114222D+00  0.108623D-02  0.459191D-03  0.646673D+00
      5  0.108490D-02 -0.491432D-01  0.283479D-01 -0.919348D-02  0.906447D-01
      6  0.160617D-03  0.941725D-02 -0.552544D+00 -0.104164D-02 -0.523308D-01
      7 -0.271828D+00  0.505313D-03  0.127833D+00  0.437152D-02  0.334519D-03
      8  0.144517D-03 -0.373451D-01  0.911042D-03  0.162627D-03  0.617317D-02
      9  0.123233D+00 -0.101907D-04 -0.131092D+00  0.297930D-01  0.262022D-03
     10 -0.271483D+00  0.727856D-02 -0.127656D+00  0.435755D-02 -0.276567D-03
     11  0.763802D-02 -0.376620D-01  0.518506D-02 -0.101127D-03  0.618036D-02
     12 -0.123088D+00  0.411668D-02 -0.131078D+00 -0.297677D-01  0.125180D-02
     13  0.428477D-02 -0.113731D-03  0.212634D-02 -0.269421D+00  0.152876D-01
     14  0.116405D-03  0.536417D-02 -0.315681D-02  0.153264D-01 -0.347312D-01
     15 -0.298190D-01  0.187842D-02 -0.129959D-01 -0.122602D+00  0.102991D-01
     16  0.428807D-02  0.146472D-03 -0.222176D-02 -0.270394D+00 -0.749442D-02
     17 -0.791890D-04  0.536442D-02 -0.309979D-02 -0.753925D-02 -0.338042D-01
     18  0.298627D-01  0.886288D-03 -0.130001D-01  0.123063D+00  0.625661D-02
     19  0.306189D-03 -0.521549D-04 -0.254930D-03 -0.136620D-02  0.257467D-03
     20 -0.539549D-04 -0.291827D-02 -0.157609D-01  0.258559D-03  0.146803D-01
     21 -0.634353D-04 -0.386196D-02 -0.626530D-02  0.957655D-04  0.591344D-02
                6             7             8             9            10 
      6  0.834428D+00
      7 -0.231820D-02  0.280206D+00
      8 -0.380140D-03 -0.505713D-03  0.235375D-01
      9 -0.130119D-01 -0.138353D+00 -0.387410D-03  0.137772D+00
     10  0.230545D-02 -0.152819D-01  0.701100D-03 -0.136203D-01  0.279850D+00
     11 -0.452530D-03 -0.777164D-04  0.362586D-02  0.717353D-04 -0.800885D-02
     12 -0.130086D-01  0.136151D-01 -0.382132D-03  0.997546D-02  0.138186D+00
     13 -0.126548D+00  0.106647D-02 -0.361457D-03 -0.215261D-03  0.150785D-02
     14  0.150349D-01 -0.162597D-03 -0.817856D-02 -0.151402D-03  0.120214D-03
     15 -0.130518D+00  0.211373D-03 -0.435872D-03  0.117640D-02  0.897646D-03
     16  0.127153D+00  0.150157D-02 -0.981221D-04 -0.872699D-03  0.107329D-02
     17  0.108642D-01  0.224990D-03  0.119742D-01  0.102306D-03 -0.141761D-03
     18 -0.130577D+00 -0.883419D-03  0.476024D-03 -0.484907D-02 -0.225150D-03
     19  0.288825D-03 -0.350601D-04 -0.429526D-04  0.350791D-04 -0.231122D-04
     20  0.178471D-01 -0.318795D-03  0.212842D-03  0.112939D-03  0.327299D-03
     21  0.523085D-02 -0.105230D-03  0.198488D-03  0.286913D-04  0.112031D-03
               11            12            13            14            15 
     11  0.238668D-01
     12 -0.501312D-02  0.137757D+00
     13  0.440385D-03  0.873964D-03  0.277927D+00
     14  0.119706D-01  0.706749D-04 -0.163819D-01  0.282954D-01
     15  0.442491D-03 -0.485056D-02  0.137419D+00 -0.103083D-01  0.137475D+00
     16  0.583078D-04  0.211287D-03 -0.153868D-01 -0.940368D-03  0.134808D-01
     17 -0.818586D-02 -0.157520D-03  0.153049D-02  0.238027D-02 -0.151718D-02
     18 -0.430480D-03  0.117643D-02 -0.135228D-01 -0.107065D-02  0.964815D-02
     19  0.509783D-04 -0.311021D-04  0.213750D-04  0.192184D-02  0.411825D-03
     20  0.204173D-03  0.113609D-03 -0.401330D-03 -0.510075D-02 -0.358623D-03
     21  0.196842D-03  0.288757D-04 -0.133637D-03 -0.418378D-03  0.643783D-04
               16            17            18            19            20 
     16  0.278950D+00
     17  0.809172D-02  0.273216D-01
     18 -0.137871D+00 -0.577028D-02  0.137537D+00
     19 -0.323774D-04 -0.208700D-02 -0.423577D-03  0.112918D-02
     20  0.236403D-03 -0.505045D-02 -0.347515D-03 -0.481795D-04 -0.202788D-02
     21  0.120627D-03 -0.421785D-03  0.649002D-04 -0.261202D-04 -0.160665D-02
               21 
     21  0.847604D-03
--
 Force constants in Cartesian coordinates: 
                1             2             3             4             5 
      1  0.648561D+00
      2 -0.884861D-02  0.116391D+00
      3 -0.292564D-03 -0.128267D-01  0.849498D+00
      4 -0.114241D+00  0.108263D-02  0.442172D-03  0.646534D+00
      5  0.108109D-02 -0.494099D-01  0.272933D-01 -0.915969D-02  0.928144D-01
      6  0.163447D-03  0.961626D-02 -0.555464D+00 -0.100032D-02 -0.499191D-01
      7 -0.271757D+00  0.494980D-03  0.127837D+00  0.435861D-02  0.311194D-03
      8  0.161982D-03 -0.374273D-01  0.883096D-03  0.941787D-04  0.618682D-02
      9  0.123203D+00  0.208376D-04 -0.131078D+00  0.298042D-01  0.239770D-03
     10 -0.271413D+00  0.728394D-02 -0.127660D+00  0.434756D-02 -0.252488D-03
     11  0.761549D-02 -0.377440D-01  0.515742D-02 -0.319534D-04  0.619146D-02
     12 -0.123057D+00  0.414791D-02 -0.131065D+00 -0.297797D-01  0.123040D-02
     13  0.427920D-02 -0.111638D-03  0.217047D-02 -0.269425D+00  0.147090D-01
     14  0.166408D-03  0.544523D-02 -0.291473D-02  0.146918D-01 -0.349601D-01
     15 -0.298274D-01  0.181757D-02 -0.129988D-01 -0.122643D+00  0.989987D-02
     16  0.428087D-02  0.147213D-03 -0.225797D-02 -0.270356D+00 -0.692219D-02
     17 -0.126254D-03  0.544703D-02 -0.285688D-02 -0.691113D-02 -0.340768D-01
     18  0.298692D-01  0.824862D-03 -0.130029D-01  0.123089D+00  0.584893D-02
     19  0.290972D-03 -0.485179D-04 -0.238595D-03 -0.121694D-02  0.233047D-03
     20 -0.501092D-04 -0.270238D-02 -0.147355D-01  0.234133D-03  0.132541D-01
     21 -0.591362D-04 -0.360074D-02 -0.589004D-02  0.878689D-04  0.540680D-02
                6             7             8             9            10 
      6  0.837700D+00
      7 -0.235107D-02  0.280153D+00
      8 -0.328594D-03 -0.501441D-03  0.236206D-01
      9 -0.130200D-01 -0.138336D+00 -0.410362D-03  0.137774D+00
     10  0.234009D-02 -0.152951D-01  0.699850D-03 -0.136206D-01  0.279797D+00
     11 -0.401014D-03 -0.765597D-04  0.360646D-02  0.701410D-04 -0.800873D-02
     12 -0.130168D-01  0.136154D-01 -0.383900D-03  0.997085D-02  0.138169D+00
     13 -0.126641D+00  0.107108D-02 -0.344434D-03 -0.215209D-03  0.150909D-02
     14  0.143288D-01 -0.161912D-03 -0.822039D-02 -0.158182D-03  0.119789D-03
     15 -0.130574D+00  0.211052D-03 -0.421419D-03  0.117542D-02  0.894048D-03
     16  0.127220D+00  0.150362D-02 -0.732371D-04 -0.869656D-03  0.107729D-02
     17  0.101493D-01  0.226984D-03  0.120248D-01  0.126160D-03 -0.143907D-03
     18 -0.130632D+00 -0.879986D-03  0.471104D-03 -0.484957D-02 -0.224357D-03
     19  0.268418D-03 -0.338476D-04 -0.368987D-04  0.344751D-04 -0.229052D-04
     20  0.165543D-01 -0.293245D-03  0.208990D-03  0.111636D-03  0.301548D-03
     21  0.500664D-02 -0.955008D-04  0.190075D-03  0.272703D-04  0.102000D-03
               11            12            13            14            15 
     11  0.239503D-01
     12 -0.503689D-02  0.137759D+00
     13  0.417284D-03  0.871735D-03  0.277950D+00
     14  0.120218D-01  0.945019D-04 -0.157462D-01  0.280936D-01
     15  0.437648D-03 -0.485104D-02  0.137473D+00 -0.993276D-02  0.137546D+00
     16  0.397115D-04  0.210995D-03 -0.154089D-01 -0.876888D-03  0.134958D-01
     17 -0.822718D-02 -0.164305D-03  0.146898D-02  0.242640D-02 -0.145615D-02
     18 -0.415977D-03  0.117547D-02 -0.135357D-01 -0.100884D-02  0.965081D-02
     19  0.447588D-04 -0.305575D-04  0.252821D-04  0.180701D-02  0.396717D-03
     20  0.201206D-03  0.112284D-03 -0.392983D-03 -0.480655D-02 -0.344769D-03
     21  0.188666D-03  0.274150D-04 -0.123105D-03 -0.408786D-03  0.519292D-04
               16            17            18            19            20 
     16  0.278928D+00
     17  0.744776D-02  0.271688D-01
     18 -0.137910D+00 -0.538488D-02  0.137606D+00
     19 -0.247443D-04 -0.196243D-02 -0.407999D-03  0.982187D-03
     20  0.237629D-03 -0.476305D-02 -0.335203D-03 -0.369727D-04 -0.139233D-02
     21  0.110332D-03 -0.413279D-03  0.520875D-04 -0.224584D-04 -0.136273D-02
               21 
     21  0.724698D-03
--
 Force constants in Cartesian coordinates: 
                1             2             3             4             5 
      1  0.648467D+00
      2 -0.884775D-02  0.116427D+00
      3 -0.299132D-03 -0.132273D-01  0.851851D+00
      4 -0.114255D+00  0.107944D-02  0.426679D-03  0.646399D+00
      5  0.107770D-02 -0.496524D-01  0.263291D-01 -0.912772D-02  0.949387D-01
      6  0.166488D-03  0.982594D-02 -0.558190D+00 -0.960014D-03 -0.476308D-01
      7 -0.271689D+00  0.483160D-03  0.127839D+00  0.434598D-02  0.290749D-03
      8  0.177089D-03 -0.375011D-01  0.857023D-03  0.275467D-04  0.619952D-02
      9  0.123175D+00  0.522728D-04 -0.131065D+00  0.298145D-01  0.218272D-03
     10 -0.271346D+00  0.729204D-02 -0.127663D+00  0.433767D-02 -0.231322D-03
     11  0.759655D-02 -0.378179D-01  0.513203D-02  0.353647D-04  0.620175D-02
     12 -0.123027D+00  0.417995D-02 -0.131051D+00 -0.297907D-01  0.120982D-02
     13  0.427342D-02 -0.110103D-03  0.221101D-02 -0.269427D+00  0.141580D-01
     14  0.214084D-03  0.552117D-02 -0.268601D-02  0.140846D-01 -0.351784D-01
     15 -0.298354D-01  0.175959D-02 -0.130009D-01 -0.122680D+00  0.951479D-02
     16  0.427358D-02  0.148346D-03 -0.229113D-02 -0.270317D+00 -0.637643D-02
     17 -0.171161D-03  0.552442D-02 -0.262744D-02 -0.630941D-02 -0.343372D-01
     18  0.298753D-01  0.766214D-03 -0.130051D-01  0.123109D+00  0.545524D-02
     19  0.276905D-03 -0.451343D-04 -0.223302D-03 -0.108286D-02  0.209030D-03
     20 -0.465133D-04 -0.250142D-02 -0.137774D-01  0.210191D-03  0.118279D-01
     21 -0.551183D-04 -0.335664D-02 -0.553847D-02  0.799982D-04  0.490354D-02
                6             7             8             9            10 
      6  0.840771D+00
      7 -0.238088D-02  0.280103D+00
      8 -0.278131D-03 -0.495453D-03  0.236974D-01
      9 -0.130275D-01 -0.138321D+00 -0.434061D-03  0.137776D+00
     10  0.237164D-02 -0.153079D-01  0.698884D-03 -0.136209D-01  0.279748D+00
     11 -0.350561D-03 -0.756358D-04  0.358709D-02  0.684316D-04 -0.801156D-02
     12 -0.130244D-01  0.136156D-01 -0.385824D-03  0.996635D-02  0.138153D+00
     13 -0.126725D+00  0.107552D-02 -0.327934D-03 -0.215182D-03  0.151033D-02
     14  0.136539D-01 -0.161450D-03 -0.825945D-02 -0.164849D-03  0.119609D-03
     15 -0.130626D+00  0.210801D-03 -0.407455D-03  0.117452D-02  0.890585D-03
     16  0.127279D+00  0.150563D-02 -0.490308D-04 -0.866521D-03  0.108116D-02
     17  0.946577D-02  0.228648D-03  0.120717D-01  0.149382D-03 -0.145764D-03
     18 -0.130681D+00 -0.876672D-03  0.466631D-03 -0.485015D-02 -0.223651D-03
     19  0.248764D-03 -0.326804D-04 -0.311019D-04  0.339554D-04 -0.226649D-04
     20  0.153139D-01 -0.270019D-03  0.204746D-03  0.110551D-03  0.278113D-03
     21  0.477842D-02 -0.866153D-04  0.181817D-03  0.259368D-04  0.928184D-04
               11            12            13            14            15 
     11  0.240277D-01
     12 -0.506184D-02  0.137760D+00
     13  0.394807D-03  0.869394D-03  0.277969D+00
     14  0.120694D-01  0.117691D-03 -0.151389D-01  0.279010D-01
     15  0.433262D-03 -0.485159D-02  0.137521D+00 -0.957301D-02  0.137610D+00
     16  0.216822D-04  0.210727D-03 -0.154304D-01 -0.816240D-03  0.135099D-01
     17 -0.826574D-02 -0.170971D-03  0.141024D-02  0.247037D-02 -0.139795D-02
     18 -0.401949D-03  0.117460D-02 -0.135478D-01 -0.949823D-03  0.965295D-02
     19  0.387881D-04 -0.300938D-04  0.289042D-04  0.169827D-02  0.382316D-03
     20  0.197727D-03  0.111168D-03 -0.386153D-03 -0.452409D-02 -0.329227D-03
     21  0.180623D-03  0.260385D-04 -0.113571D-03 -0.397910D-03  0.409891D-04
               16            17            18            19            20 
     16  0.278904D+00
     17  0.683195D-02  0.270235D-01
     18 -0.137943D+00 -0.501505D-02  0.137668D+00
     19 -0.176670D-04 -0.184451D-02 -0.393133D-03  0.850063D-03
     20  0.239727D-03 -0.448714D-02 -0.321262D-03 -0.253459D-04 -0.717754D-03
     21  0.100996D-03 -0.403740D-03  0.407247D-04 -0.185076D-04 -0.110769D-02
               21 
     21  0.626367D-03
