   3275.1199999999999     
   3246.4400000000001     
   3177.2500000000000     
   3163.0700000000002     
   1616.2100000000000     
   1465.1300000000001     
   1335.9000000000001     
   1237.6700000000001     
   1050.0500000000000     
   1048.7500000000000     
   927.90999999999997     
   823.00000000000000     
   559.12000000000000     
   540.42999999999995     

   3274.3499999999999     
   3246.0799999999999     
   3176.8400000000001     
   3162.9000000000001     
   1620.1700000000001     
   1465.3900000000001     
   1338.7700000000000     
   1237.6600000000001     
   1049.6700000000001     
   1044.7500000000000     
   933.75999999999999     
   823.74000000000001     
   536.91999999999996     
   525.38999999999999     

   3273.6300000000001     
   3245.7300000000000     
   3176.4899999999998     
   3162.7399999999998     
   1624.1600000000001     
   1465.6500000000001     
   1341.5899999999999     
   1237.6700000000001     
   1049.8099999999999     
   1040.8499999999999     
   939.16999999999996     
   824.44000000000005     
   515.15999999999997     
   510.20999999999998     

   3272.9699999999998     
   3245.4099999999999     
   3176.1999999999998     
   3162.6100000000001     
   1628.1600000000001     
   1465.9000000000001     
   1344.3099999999999     
   1237.6900000000001     
   1050.2100000000000     
   1037.1500000000001     
   944.13000000000000     
   825.07000000000005     
   495.05000000000001     
   493.88999999999999     

   3272.3600000000001     
   3245.1100000000001     
   3175.9699999999998     
   3162.4800000000000     
   1632.1300000000001     
   1466.1500000000001     
   1346.9400000000001     
   1237.7100000000000     
   1050.7900000000000     
   1033.6300000000001     
   948.66999999999996     
   825.63999999999999     
   479.99000000000001     
   473.19999999999999     

   3271.8000000000002     
   3244.8299999999999     
   3175.7900000000000     
   3162.3800000000001     
   1636.0400000000000     
   1466.3800000000001     
   1349.4700000000000     
   1237.7300000000000     
   1051.4800000000000     
   1030.2500000000000     
   952.82000000000005     
   826.14999999999998     
   465.13999999999999     
   453.07999999999998     

   3271.3000000000002     
   3244.5799999999999     
   3175.6500000000001     
   3162.2900000000000     
   1639.8900000000001     
   1466.6099999999999     
   1351.8699999999999     
   1237.7600000000000     
   1052.2400000000000     
   1027.0200000000000     
   956.61000000000001     
   826.61000000000001     
   450.55000000000001     
   433.56000000000000     

   3270.8400000000001     
   3244.3400000000001     
   3175.5500000000002     
   3162.2100000000000     
   1643.6600000000001     
   1466.8199999999999     
   1354.1600000000001     
   1237.7900000000000     
   1053.0200000000000     
   1023.9500000000000     
   960.04999999999995     
   827.01999999999998     
   436.25999999999999     
   414.63000000000000     

   3270.4200000000001     
   3244.1100000000001     
   3175.4800000000000     
   3162.1300000000001     
   1647.3299999999999     
   1467.0300000000000     
   1356.3399999999999     
   1237.8199999999999     
   1053.8000000000000     
   1021.0599999999999     
   963.17999999999995     
   827.38999999999999     
   422.31999999999999     
   396.29000000000002     

   3270.3000000000002     
   3243.9200000000001     
   3175.7600000000002     
   3162.0300000000002     
   1651.0200000000000     
   1467.2000000000000     
   1358.4700000000000     
   1237.8299999999999     
   1054.5799999999999     
   1018.4600000000000     
   965.86000000000001     
   827.66999999999996     
   408.58999999999997     
   378.49000000000001     

   3269.9800000000000     
   3243.7800000000002     
   3175.7500000000000     
   3162.0200000000000     
   1654.3699999999999     
   1467.3699999999999     
   1360.3699999999999     
   1237.8499999999999     
   1055.2700000000000     
   1015.9299999999999     
   968.40999999999997     
   827.92999999999995     
   395.38999999999999     
   361.38999999999999     

   3269.6300000000001     
   3243.5500000000002     
   3175.7199999999998     
   3161.9200000000001     
   1657.7300000000000     
   1467.5400000000000     
   1362.2200000000000     
   1237.8800000000001     
   1055.9700000000000     
   1013.6100000000000     
   970.75000000000000     
   828.20000000000005     
   382.63000000000000     
   344.88999999999999     

   3269.0999999999999     
   3243.3499999999999     
   3175.4499999999998     
   3161.8800000000001     
   1660.7300000000000     
   1467.7000000000000     
   1363.8399999999999     
   1237.9100000000001     
   1056.5899999999999     
   1011.3200000000001     
   973.00999999999999     
   828.45000000000005     
   370.45999999999998     
   329.19000000000000     

   3268.8400000000001     
   3243.1700000000001     
   3175.4800000000000     
   3161.8099999999999     
   1663.7300000000000     
   1467.8399999999999     
   1365.4200000000001     
   1237.9300000000001     
   1057.1800000000001     
   1009.2300000000000     
   974.89999999999998     
   828.63999999999999     
   358.56999999999999     
   314.07999999999998     

   3268.5900000000001     
   3243.0000000000000     
   3175.5100000000002     
   3161.7399999999998     
   1666.5799999999999     
   1467.9700000000000     
   1366.8900000000001     
   1237.9400000000001     
   1057.7200000000000     
   1007.2700000000000     
   976.59000000000003     
   828.80999999999995     
   347.12000000000000     
   299.63000000000000     

   3268.3600000000001     
   3242.8299999999999     
   3175.5500000000002     
   3161.6700000000001     
   1669.2900000000000     
   1468.0799999999999     
   1368.2600000000000     
   1237.9600000000000     
   1058.2300000000000     
   1005.4500000000000     
   978.11000000000001     
   828.95000000000005     
   336.06000000000000     
   285.79000000000002     

   3268.1500000000001     
   3242.6599999999999     
   3175.5900000000001     
   3161.5900000000001     
   1671.8499999999999     
   1468.1900000000001     
   1369.5300000000000     
   1237.9800000000000     
   1058.7000000000000     
   1003.8000000000000     
   979.47000000000003     
   829.08000000000004     
   325.38000000000000     
   272.52999999999997     

   3267.9499999999998     
   3242.4899999999998     
   3175.6300000000001     
   3161.5100000000002     
   1674.2700000000000     
   1468.2900000000000     
   1370.7100000000000     
   1237.9900000000000     
   1059.1300000000001     
   1002.3099999999999     
   980.67999999999995     
   829.20000000000005     
   315.04000000000002     
   259.82999999999998     

   3267.7500000000000     
   3242.3200000000002     
   3175.6700000000001     
   3161.4200000000001     
   1676.5500000000000     
   1468.3900000000001     
   1371.8099999999999     
   1238.0000000000000     
   1059.5200000000000     
   1000.9900000000000     
   981.75999999999999     
   829.29999999999995     
   305.00000000000000     
   247.72999999999999     

   3267.5599999999999     
   3242.1599999999999     
   3175.7100000000000     
   3161.3400000000001     
   1678.7200000000000     
   1468.4700000000000     
   1372.8199999999999     
   1238.0100000000000     
   1059.8599999999999     
   999.79999999999995     
   982.71000000000004     
   829.38000000000000     
   295.25000000000000     
   236.36000000000001     

   3267.3800000000001     
   3241.9899999999998     
   3175.7399999999998     
   3161.2500000000000     
   1680.7700000000000     
   1468.5599999999999     
   1373.7700000000000     
   1238.0200000000000     
   1060.1700000000001     
   998.75000000000000     
   983.54999999999995     
   829.46000000000004     
   285.79000000000002     
   225.91000000000000     

