step=0

-0.256526	0.202581	-0.001269	-0.000361	-0.000269	0.000033	-0.000202	-0.428268	0.020281	0.002276	-0.008101	-0.134768	-0.000567	-0.023082	0.005482	-0.088987	-0.000612	0.512090	0.633472	-0.137876	0.008969	
0.004260	-0.003353	0.004737	0.002985	-0.010685	0.005066	0.011616	0.006897	-0.001425	0.150275	-0.486115	0.002925	-0.027079	0.003382	0.310886	-0.011477	0.479528	-0.003303	-0.006933	0.008526	0.642736	
0.000440	-0.001004	-0.200884	-0.114598	0.604773	-0.222179	-0.323020	0.000227	0.000016	0.014247	-0.016433	-0.000082	-0.002822	0.000175	0.099157	0.001446	-0.059193	-0.013219	0.146346	0.625779	-0.006798	
-0.204512	-0.254495	0.001838	-0.001841	0.000650	0.000428	0.000126	0.428026	-0.027405	-0.007074	0.000978	-0.132111	-0.004327	0.174766	-0.007738	-0.101803	-0.004034	-0.494225	0.618675	-0.154430	0.008385	
0.003317	0.004078	-0.011562	0.013302	0.032950	0.016184	-0.018022	-0.007135	-0.004321	-0.440410	0.075912	0.002114	-0.253227	-0.005612	-0.401395	0.013282	-0.399366	0.003101	-0.006852	0.008657	0.642742	
0.000930	0.001868	0.156792	-0.169500	-0.598691	-0.230060	0.316476	-0.000095	-0.000472	-0.032574	-0.000748	-0.000092	-0.097128	0.000166	0.082212	0.001952	-0.068343	-0.013283	0.146345	0.625778	-0.006798	
0.444552	-0.356186	-0.472420	-0.353399	-0.218007	0.268251	-0.171813	0.113222	-0.018356	0.002262	0.008080	0.230471	-0.001081	-0.037905	0.003566	-0.026099	0.000211	0.272277	0.185404	-0.037920	0.002671	
-0.000044	-0.000015	0.000496	0.000416	0.007832	-0.013971	0.005452	-0.018597	-0.466504	-0.007894	0.608939	-0.042576	-0.011582	-0.426954	0.190302	-0.304450	0.240628	-0.071678	-0.003045	0.001301	0.186226	
-0.277437	0.221013	0.280312	0.206981	-0.144925	0.392727	-0.407257	0.380151	-0.038939	0.008155	0.011057	0.431428	-0.004706	-0.050300	0.031870	-0.000120	-0.016475	0.198273	0.045384	0.184676	-0.001853	
0.441442	-0.351835	0.476902	0.354597	0.218242	-0.268681	0.172143	0.113447	-0.002958	-0.002433	0.012827	0.231574	0.000686	-0.023756	0.003210	-0.016273	0.000342	0.274535	0.185437	-0.037883	0.002673	
-0.014667	0.011737	-0.015369	-0.011403	0.000728	-0.005412	0.000005	0.015447	0.473432	-0.020344	0.604295	0.033301	-0.008933	0.430044	0.188318	0.290944	0.252469	0.067710	-0.001001	0.003601	0.186307	
0.275763	-0.218529	0.283265	0.207861	-0.145122	0.392838	-0.408012	-0.379373	0.039596	0.007132	0.009800	-0.431233	-0.004659	0.050587	0.031335	0.000910	-0.011793	-0.205769	0.039440	0.178032	-0.002088	
0.349462	0.438315	-0.349102	0.482829	-0.217312	-0.268920	-0.176744	-0.114047	0.008835	0.014837	0.000398	0.233547	0.000960	0.050898	-0.003583	-0.047149	-0.002059	-0.271336	0.177410	-0.046862	0.002356	
-0.022241	-0.027596	0.022541	-0.030340	-0.017844	-0.022703	-0.006182	0.017603	0.532074	0.603475	0.098063	0.020077	0.053741	-0.358165	-0.158247	-0.294825	-0.237585	-0.067496	-0.002990	0.001384	0.186229	
0.219561	0.273717	-0.208769	0.284993	0.142106	0.386965	0.412643	0.381338	0.026896	0.038576	0.008009	-0.431335	-0.016170	-0.036452	0.022150	-0.002232	-0.031265	0.197199	0.045369	0.184660	-0.001853	
0.355120	0.448144	0.342578	-0.476415	0.216443	0.267750	0.176092	-0.115263	-0.008593	0.005483	0.003623	0.233077	0.000677	0.062709	-0.002572	-0.037167	-0.001788	-0.269152	0.177443	-0.046826	0.002357	
0.010799	0.013337	0.010760	-0.014092	-0.025056	-0.031383	-0.012093	-0.013566	-0.516612	0.614482	0.104639	-0.028346	0.057016	0.354988	-0.159654	0.309754	-0.225287	0.070956	-0.000960	0.003668	0.186310	
-0.222615	-0.279198	-0.204366	0.280543	0.141769	0.386315	0.411603	-0.382559	-0.025805	0.039376	0.009808	0.431774	-0.016100	0.036559	0.021634	0.003839	-0.026512	-0.205266	0.039449	0.178039	-0.002087	
0.000292	0.000696	0.000080	-0.000011	-0.000685	0.000006	0.000574	0.003469	0.045657	-0.003593	-0.000351	-0.007776	0.015644	-0.575337	0.007172	0.785090	0.019209	-0.124746	0.179559	-0.044449	0.002444	
0.000007	0.000035	0.005122	-0.000779	-0.042492	0.000146	0.034921	-0.000067	-0.002560	-0.188575	-0.000482	0.000155	0.876995	0.007789	0.251586	-0.007665	-0.306814	-0.002241	-0.002035	0.002462	0.186267	
0.000002	0.000013	0.001703	-0.000062	-0.014815	0.001661	0.013604	-0.000011	-0.000174	-0.030000	0.020609	-0.000025	0.386518	-0.001586	-0.732799	-0.014139	0.526235	0.003107	0.042525	0.181456	-0.001969	

step=1

-0.257375	0.201541	-0.001275	-0.000351	-0.000264	0.000032	-0.000202	-0.428093	0.021729	0.002144	-0.008156	-0.134774	-0.000384	-0.022154	0.005272	-0.088573	-0.000789	0.523980	0.636055	-0.059601	0.011400	
0.004274	-0.003335	0.004700	0.002940	-0.010309	0.005013	0.011913	0.006905	-0.001345	0.139327	-0.489513	0.002932	-0.019993	0.003229	0.302768	-0.012846	0.484876	-0.003135	-0.005732	0.057547	0.640212	
0.000443	-0.001002	-0.201478	-0.113123	0.603452	-0.221910	-0.325687	0.000236	0.000042	0.013790	-0.017014	-0.000083	0.003414	0.000140	0.100307	0.001535	-0.057858	-0.021453	0.077594	0.635265	-0.056499	
-0.203458	-0.255370	0.001840	-0.001879	0.000668	0.000440	0.000121	0.427818	-0.029514	-0.006971	0.001156	-0.132037	-0.004391	0.176408	-0.007417	-0.100068	-0.004271	-0.482034	0.640035	-0.092645	0.013763	
0.003293	0.004081	-0.012023	0.014078	0.034010	0.016914	-0.018709	-0.007173	-0.004651	-0.434819	0.085409	0.002030	-0.265769	-0.005532	-0.388338	0.014155	-0.408003	0.002867	-0.005744	0.057729	0.640223	
0.000939	0.001894	0.155190	-0.170597	-0.597090	-0.230336	0.318594	-0.000103	-0.000508	-0.033513	-0.000245	-0.000097	-0.097568	0.000133	0.085920	0.001950	-0.066865	-0.021527	0.077595	0.635262	-0.056499	
0.446042	-0.354354	-0.475128	-0.349815	-0.218612	0.268329	-0.170779	0.113170	-0.019086	0.002553	0.007867	0.230388	-0.001015	-0.037685	0.003513	-0.025991	0.000155	0.275676	0.183840	-0.013206	0.003013	
-0.000076	-0.000018	0.000526	0.000430	0.007880	-0.013926	0.004833	-0.019091	-0.464412	0.004969	0.608764	-0.044175	-0.008181	-0.426114	0.186898	-0.309609	0.242823	-0.070883	-0.001370	0.014380	0.185695	
-0.278324	0.219825	0.281875	0.204845	-0.146783	0.392980	-0.406340	0.380080	-0.040746	0.008623	0.010428	0.431355	-0.003056	-0.050357	0.032297	-0.000098	-0.016123	0.195838	0.021686	0.190738	-0.016848	
0.442910	-0.350014	0.479626	0.350975	0.218851	-0.268760	0.171093	0.113408	-0.003759	-0.002352	0.013014	0.231545	0.000729	-0.023567	0.003069	-0.016016	0.000331	0.277912	0.183831	-0.013132	0.003008	
-0.014681	0.011677	-0.015427	-0.011266	0.000761	-0.005339	-0.000569	0.015933	0.471380	-0.008523	0.604374	0.034971	-0.006445	0.429042	0.185231	0.294676	0.256410	0.067113	-0.001948	0.018914	0.185374	
0.276640	-0.217349	0.284839	0.205702	-0.146982	0.393091	-0.407103	-0.379288	0.041417	0.007681	0.009212	-0.431155	-0.002991	0.050619	0.031837	0.000915	-0.011369	-0.208104	0.023286	0.177471	-0.015900	
0.347589	0.439693	-0.345500	0.485483	-0.217906	-0.268872	-0.176089	-0.113953	0.009118	0.015304	-0.000022	0.233541	0.001109	0.050485	-0.003575	-0.047747	-0.002179	-0.267840	0.185991	-0.031058	0.004289	
-0.023016	-0.028808	0.023220	-0.031723	-0.018959	-0.023845	-0.006189	0.019528	0.534071	0.604644	0.085464	0.021228	0.057236	-0.352183	-0.153473	-0.298301	-0.241144	-0.066884	-0.001379	0.014504	0.185699	
0.218313	0.274465	-0.206604	0.286535	0.143801	0.386596	0.412257	0.381557	0.027838	0.040545	0.007627	-0.431252	-0.015223	-0.035894	0.023239	-0.002116	-0.031370	0.194728	0.021693	0.190701	-0.016845	
0.353325	0.449707	0.338968	-0.478938	0.217002	0.267668	0.175435	-0.115240	-0.008408	0.005006	0.003593	0.233036	0.000750	0.062108	-0.002326	-0.037623	-0.001894	-0.265679	0.185983	-0.030986	0.004284	
0.011657	0.014540	0.011545	-0.015371	-0.026207	-0.032575	-0.012131	-0.015347	-0.517416	0.616816	0.091847	-0.029272	0.059573	0.349221	-0.154592	0.314724	-0.227093	0.070153	-0.001953	0.019006	0.185381	
-0.221399	-0.280035	-0.202184	0.281980	0.143460	0.385943	0.411199	-0.382782	-0.026681	0.041384	0.009376	0.431703	-0.015149	0.036015	0.022787	0.003847	-0.026555	-0.207581	0.023283	0.177488	-0.015901	
0.000293	0.000712	0.000084	-0.000011	-0.000729	0.000006	0.000618	0.003567	0.048999	-0.003855	-0.000294	-0.007834	0.014901	-0.583592	0.006728	0.778555	0.021136	-0.122452	0.185379	-0.026289	0.003956	
0.000007	0.000037	0.005403	-0.000794	-0.045256	0.000021	0.037508	-0.000098	-0.002932	-0.198277	0.003960	0.000126	0.883877	0.007989	0.231194	-0.006059	-0.296101	-0.002012	-0.001650	0.016635	0.185551	
0.000002	0.000014	0.001796	-0.000052	-0.015451	0.001922	0.014462	-0.000018	-0.000220	-0.030178	0.022913	-0.000027	0.361303	-0.001348	-0.752763	-0.014513	0.515705	0.000637	0.022454	0.184334	-0.016408	

step=2

-0.258340	0.200341	-0.001282	-0.000340	-0.000259	0.000032	-0.000199	-0.427901	0.023265	0.002033	-0.008205	-0.134788	-0.000255	-0.021207	0.005056	-0.088244	-0.001168	0.437215	0.619079	0.329488	0.000373	
0.004289	-0.003315	0.004668	0.002893	-0.009923	0.004964	0.012218	0.006914	-0.001263	0.130106	-0.492200	0.002937	-0.013878	0.003071	0.293858	-0.014560	0.490319	-0.002968	0.000382	-0.001384	0.642831	
0.000448	-0.001001	-0.202172	-0.111411	0.602014	-0.221644	-0.328514	0.000238	0.000066	0.013307	-0.017552	-0.000080	0.008865	0.000118	0.101305	0.001655	-0.056411	0.045836	-0.326657	0.551747	0.001616	
-0.202246	-0.256366	0.001835	-0.001914	0.000687	0.000448	0.000109	0.427589	-0.031751	-0.006859	0.001306	-0.131964	-0.004480	0.178103	-0.007117	-0.098202	-0.004533	-0.559440	0.478121	0.330203	-0.000260	
0.003267	0.004085	-0.012484	0.014905	0.035119	0.017653	-0.019459	-0.007212	-0.005006	-0.429264	0.093120	0.001954	-0.276290	-0.005439	-0.376641	0.015450	-0.415866	0.002457	0.001138	-0.001436	0.642833	
0.000945	0.001917	0.153359	-0.171854	-0.595371	-0.230616	0.320845	-0.000114	-0.000547	-0.034444	0.000148	-0.000106	-0.099019	0.000116	0.088920	0.002015	-0.064927	0.045756	-0.326669	0.551747	0.001616	
0.447742	-0.352245	-0.478213	-0.345651	-0.219249	0.268412	-0.169679	0.113111	-0.019865	0.002816	0.007651	0.230298	-0.000973	-0.037473	0.003455	-0.025925	0.000022	0.249369	0.196758	0.095400	0.000186	
-0.000106	-0.000024	0.000554	0.000440	0.007927	-0.013882	0.004203	-0.019615	-0.462171	0.015558	0.608366	-0.045885	-0.005684	-0.425190	0.183302	-0.315159	0.244812	-0.069462	-0.009593	-0.000349	0.186249	
-0.279340	0.218464	0.283657	0.202366	-0.148756	0.393240	-0.405358	0.379989	-0.042679	0.009028	0.009813	0.431277	-0.001664	-0.050436	0.032665	-0.000097	-0.015757	0.213469	-0.066355	0.159756	0.000595	
0.444582	-0.347916	0.482732	0.346775	0.219489	-0.268843	0.169977	0.113361	-0.004612	-0.002312	0.013201	0.231510	0.000760	-0.023386	0.002932	-0.015794	0.000247	0.251561	0.197068	0.095398	0.000188	
-0.014706	0.011612	-0.015501	-0.011115	0.000793	-0.005266	-0.001154	0.016447	0.469194	0.000981	0.604207	0.036749	-0.004479	0.427953	0.181877	0.298435	0.260683	0.065943	0.009563	-0.000440	0.186340	
0.277639	-0.215992	0.286634	0.203199	-0.148957	0.393356	-0.406131	-0.379188	0.043366	0.008149	0.008628	-0.431069	-0.001586	0.050679	0.032277	0.000958	-0.010862	-0.186732	-0.122952	0.160040	0.000341	
0.345447	0.441282	-0.341305	0.488496	-0.218547	-0.268820	-0.175377	-0.113855	0.009400	0.015788	-0.000404	0.233532	0.001279	0.050095	-0.003560	-0.048377	-0.002316	-0.289153	0.120595	0.095784	-0.000156	
-0.023805	-0.030094	0.023884	-0.033201	-0.020118	-0.025030	-0.006201	0.021556	0.536172	0.605151	0.075135	0.022470	0.061186	-0.345800	-0.148136	-0.301744	-0.245093	-0.065762	-0.009075	-0.000378	0.186250	
0.216891	0.275336	-0.204084	0.288285	0.145616	0.386206	0.411818	0.381805	0.028856	0.042561	0.007334	-0.431159	-0.014557	-0.035317	0.024226	-0.001971	-0.031437	0.212323	-0.066515	0.159756	0.000595	
0.351243	0.451469	0.334788	-0.481831	0.217604	0.267581	0.174725	-0.115210	-0.008231	0.004494	0.003603	0.232986	0.000778	0.061516	-0.002068	-0.038105	-0.002006	-0.287033	0.120895	0.095783	-0.000155	
0.012537	0.015810	0.012333	-0.016730	-0.027406	-0.033812	-0.012173	-0.017229	-0.518220	0.618565	0.081343	-0.030300	0.062966	0.343041	-0.149039	0.319982	-0.228759	0.068675	0.009942	-0.000468	0.186340	
-0.219997	-0.280983	-0.199662	0.283630	0.145271	0.385554	0.410756	-0.383023	-0.027616	0.043449	0.009035	0.431616	-0.014473	0.035460	0.023837	0.003881	-0.026491	-0.186191	-0.122879	0.160040	0.000342	
0.000293	0.000729	0.000089	-0.000011	-0.000774	0.000007	0.000665	0.003671	0.052587	-0.004136	-0.000245	-0.007855	0.014492	-0.592179	0.006338	0.771551	0.023534	-0.146252	0.140799	0.095688	-0.000057	
0.000007	0.000038	0.005698	-0.000808	-0.048136	-0.000053	0.040310	-0.000130	-0.003344	-0.207975	0.008019	0.000089	0.887278	0.008174	0.217644	-0.004632	-0.288562	-0.001904	-0.000041	-0.000422	0.186292	
0.000002	0.000015	0.001893	-0.000040	-0.016096	0.002223	0.015377	-0.000026	-0.000265	-0.030253	0.025243	-0.000031	0.343372	-0.001178	-0.769414	-0.015480	0.503036	0.020023	-0.093707	0.159916	0.000473	

step=3

-0.259391	0.199020	-0.001279	-0.000327	-0.000253	0.000030	-0.000192	-0.427692	0.024898	0.001936	-0.008249	-0.134790	-0.000161	-0.020244	-0.004870	-0.087998	-0.001502	0.421303	-0.409730	0.575013	-0.084446	
0.004307	-0.003294	0.004639	0.002844	-0.009524	0.004917	0.012532	0.006924	-0.001198	0.122351	-0.494349	0.002937	-0.008587	0.002903	-0.284651	-0.016561	0.495576	-0.002397	-0.024833	0.075676	0.637912	
0.000451	-0.000992	-0.202923	-0.109533	0.600450	-0.221349	-0.331521	0.000244	0.000084	0.012786	-0.018053	-0.000077	0.013960	0.000096	-0.102187	0.001830	-0.054922	-0.076959	0.493774	0.403317	-0.028915	
-0.200912	-0.257446	0.001811	-0.001931	0.000705	0.000461	0.000092	0.427337	-0.034122	-0.006740	0.001434	-0.131910	-0.004586	0.179861	0.006849	-0.096075	-0.004765	-0.568304	-0.411907	0.392231	-0.062981	
0.003239	0.004093	-0.012946	0.015780	0.036290	0.018402	-0.020283	-0.007248	-0.005287	-0.423723	0.099356	0.001894	-0.285461	-0.005324	0.366011	0.017107	-0.423098	0.002549	-0.024838	0.076605	0.637743	
0.000941	0.001924	0.151352	-0.173209	-0.593512	-0.230929	0.323223	-0.000115	-0.000585	-0.035351	0.000441	-0.000102	-0.101207	0.000101	-0.091433	0.002161	-0.062735	-0.077036	0.493773	0.403303	-0.028914	
0.449582	-0.349912	-0.481563	-0.341068	-0.219926	0.268508	-0.168500	0.113043	-0.020700	0.003057	0.007432	0.230197	-0.000947	-0.037272	-0.003411	-0.025915	-0.000091	0.243872	-0.118473	0.189131	-0.027114	
-0.000133	-0.000033	0.000579	0.000447	0.007976	-0.013838	0.003562	-0.020172	-0.459780	0.024109	0.607838	-0.047716	-0.003868	-0.424225	-0.179747	-0.321016	0.246467	-0.068173	-0.007338	0.009462	0.186344	
-0.280440	0.216961	0.285592	0.199638	-0.150863	0.393533	-0.404300	0.379883	-0.044755	0.009384	0.009211	0.431179	-0.000407	-0.050546	-0.033004	-0.000136	-0.015364	0.176466	0.143535	0.153593	-0.012691	
0.446409	-0.345623	0.486068	0.342144	0.220167	-0.268932	0.168771	0.113321	-0.005524	-0.002303	0.013392	0.231477	0.000783	-0.023218	-0.002813	-0.015623	0.000186	0.246034	-0.118469	0.189531	-0.027161	
-0.014741	0.011545	-0.015588	-0.010953	0.000823	-0.005193	-0.001753	0.016991	0.466845	0.008652	0.603912	0.038647	-0.002952	0.426810	-0.178502	0.302193	0.265107	0.065115	-0.007056	0.034088	0.183446	
0.278733	-0.214515	0.288562	0.200440	-0.151063	0.393638	-0.405057	-0.379091	0.045453	0.008542	0.008050	-0.430974	-0.000321	0.050771	-0.032669	0.001070	-0.010343	-0.220905	0.142661	0.080202	-0.004071	
0.343119	0.443055	-0.336651	0.491715	-0.219229	-0.268761	-0.174619	-0.113745	0.009669	0.016296	-0.000752	0.233520	0.001478	0.049737	0.003552	-0.048985	-0.002477	-0.290901	-0.119650	0.090359	-0.015514	
-0.024611	-0.031457	0.024536	-0.034768	-0.021331	-0.026265	-0.006221	0.023688	0.538233	0.605256	0.066739	0.023805	0.065647	-0.339031	0.142513	-0.305128	-0.249209	-0.064722	-0.007338	0.010108	0.186235	
0.215348	0.276312	-0.201288	0.290151	0.147550	0.385777	0.411345	0.382072	0.029952	0.044639	0.007122	-0.431054	-0.014068	-0.034730	-0.025159	-0.001817	-0.031465	0.175295	0.143532	0.153380	-0.012667	
0.348927	0.453338	0.330218	-0.484991	0.218249	0.267485	0.173970	-0.115170	-0.008067	0.003955	0.003645	0.232929	0.000771	0.060942	0.001810	-0.038562	-0.002131	-0.288813	-0.119645	0.090745	-0.015560	
0.013439	0.017148	0.013126	-0.018171	-0.028659	-0.035092	-0.012212	-0.019231	-0.519178	0.619763	0.072772	-0.031456	0.067133	0.336443	0.143255	0.325437	-0.230109	0.067584	-0.007058	0.034552	0.183359	
-0.218445	-0.281990	-0.196908	0.285433	0.147204	0.385126	0.410283	-0.383275	-0.028624	0.045585	0.008775	0.431521	-0.013967	0.034889	-0.024817	0.003966	-0.026401	-0.220347	0.142660	0.080303	-0.004084	
0.000292	0.000747	0.000093	-0.000011	-0.000822	0.000008	0.000716	0.003785	0.056448	-0.004426	-0.000201	-0.007834	0.014295	-0.600992	-0.005985	0.764167	0.026292	-0.150029	-0.119350	0.116380	-0.018578	
0.000006	0.000039	0.006010	-0.000821	-0.051170	-0.000078	0.043370	-0.000157	-0.003743	-0.217864	0.011709	0.000050	0.888688	0.008355	-0.208271	-0.003314	-0.282705	-0.001706	-0.007203	0.021752	0.184861	
0.000002	0.000015	0.001996	-0.000027	-0.016765	0.002563	0.016364	-0.000031	-0.000299	-0.030287	0.027615	-0.000036	0.329804	-0.001069	0.783760	-0.016814	0.489569	-0.015684	0.143118	0.118100	-0.008487	

step=4

-0.260521	0.197579	-0.001286	-0.000321	-0.000244	0.000029	-0.000178	-0.427466	0.026637	0.001845	-0.008290	-0.134790	-0.000090	-0.019270	-0.004680	-0.087790	-0.002046	-0.147751	0.673482	-0.221825	-0.398362	
0.004326	-0.003271	0.004614	0.002794	-0.009109	0.004873	0.012850	0.006933	-0.001161	0.115854	-0.496088	0.002931	-0.003890	0.002709	-0.275395	-0.018705	0.500556	0.012289	0.019525	0.573997	-0.288635	
0.000462	-0.000987	-0.203726	-0.107481	0.598746	-0.221041	-0.334710	0.000246	0.000095	0.012214	-0.018524	-0.000078	0.018974	0.000079	-0.102959	0.001986	-0.053520	0.077037	0.368377	0.222749	0.471148	
-0.199459	-0.258608	0.001774	-0.001933	0.000723	0.000468	0.000070	0.427056	-0.036639	-0.006618	0.001544	-0.131868	-0.004703	0.181654	0.006597	-0.093801	-0.004998	0.729779	0.219567	-0.135185	-0.226332	
0.003211	0.004103	-0.013409	0.016707	0.037538	0.019165	-0.021191	-0.007276	-0.005434	-0.418185	0.104357	0.001855	-0.293765	-0.005167	0.356188	0.018907	-0.429773	0.008373	0.021470	0.573524	-0.289337	
0.000929	0.001920	0.149159	-0.174661	-0.591497	-0.231255	0.325745	-0.000122	-0.000614	-0.036224	0.000636	-0.000105	-0.103971	0.000097	-0.093605	0.002300	-0.060490	0.077105	0.368341	0.222755	0.471162	
0.451583	-0.347386	-0.485138	-0.336027	-0.220644	0.268604	-0.167240	0.112972	-0.021597	0.003279	0.007211	0.230087	-0.000934	-0.037084	-0.003369	-0.025929	-0.000288	-0.150786	0.251026	-0.074946	-0.136613	
-0.000157	-0.000045	0.000603	0.000452	0.008024	-0.013792	0.002914	-0.020764	-0.457227	0.030821	0.607244	-0.049684	-0.002517	-0.423257	-0.176347	-0.327081	0.247860	0.062831	-0.025009	0.172208	-0.072028	
-0.281636	0.215337	0.287657	0.196638	-0.153113	0.393831	-0.403160	0.379763	-0.046989	0.009695	0.008623	0.431066	0.000792	-0.050688	-0.033316	-0.000205	-0.015029	-0.153929	0.197928	0.047151	0.101987	
0.448359	-0.343108	0.489666	0.337085	0.220885	-0.269024	0.167487	0.113274	-0.006500	-0.002319	0.013586	0.231436	0.000805	-0.023060	-0.002696	-0.015469	0.000044	-0.152687	0.252009	-0.075133	-0.136985	
-0.014785	0.011476	-0.015687	-0.010782	0.000850	-0.005119	-0.002362	0.017567	0.464308	0.014855	0.603550	0.040675	-0.001749	0.425635	-0.175244	0.306019	0.269502	-0.054355	0.035646	0.160640	-0.095018	
0.279899	-0.212896	0.290641	0.197427	-0.153309	0.393934	-0.403907	-0.378980	0.047689	0.008870	0.007481	-0.430864	0.000881	0.050896	-0.033031	0.001201	-0.009806	0.198430	0.015664	0.081941	0.171063	
0.340601	0.444994	-0.331533	0.495140	-0.219956	-0.268700	-0.173795	-0.113630	0.009916	0.016831	-0.001069	0.233509	0.001704	0.049402	0.003546	-0.049628	-0.002634	0.323472	0.005707	-0.028121	-0.043638	
-0.025433	-0.032899	0.025173	-0.036429	-0.022603	-0.027551	-0.006244	0.025924	0.540158	0.605137	0.060006	0.025241	0.070572	-0.331862	0.136779	-0.308542	-0.253269	0.060016	-0.023596	0.171883	-0.072544	
0.213681	0.277380	-0.198214	0.292131	0.149613	0.385322	0.410810	0.382367	0.031126	0.046794	0.006981	-0.430943	-0.013683	-0.034123	-0.026054	-0.001651	-0.031546	-0.152857	0.197370	0.047255	0.102198	
0.346383	0.455321	0.325226	-0.488408	0.218938	0.267390	0.173152	-0.115117	-0.007921	0.003389	0.003714	0.232862	0.000739	0.060378	0.001546	-0.039052	-0.002247	0.321635	0.006658	-0.028303	-0.044000	
0.014359	0.018557	0.013918	-0.019697	-0.029972	-0.036417	-0.012242	-0.021367	-0.520396	0.620434	0.065863	-0.032755	0.071928	0.329422	0.137392	0.330959	-0.231177	-0.056281	0.036599	0.160402	-0.095360	
-0.216745	-0.283057	-0.193901	0.287380	0.149273	0.384684	0.409761	-0.383542	-0.029719	0.047795	0.008587	0.431405	-0.013555	0.034297	-0.025762	0.004040	-0.026291	0.197920	0.015928	0.081889	0.170964	
0.000291	0.000766	0.000099	-0.000011	-0.000874	0.000009	0.000770	0.003913	0.060616	-0.004713	-0.000164	-0.007764	0.014225	-0.609972	-0.005640	0.756412	0.029064	0.199472	0.069894	-0.040359	-0.067969	
0.000005	0.000040	0.006342	-0.000834	-0.054395	-0.000067	0.046717	-0.000177	-0.004088	-0.228020	0.015048	0.000008	0.888866	0.008551	-0.201374	-0.002127	-0.277802	0.004494	0.005140	0.166397	-0.083433	
0.000002	0.000016	0.002107	-0.000014	-0.017477	0.002936	0.017436	-0.000035	-0.000316	-0.030303	0.030054	-0.000041	0.318856	-0.000992	0.796433	-0.018256	0.475914	0.016488	0.109818	0.064025	0.135361	

step=5

-0.261772	0.195963	-0.001292	-0.000318	-0.000239	0.000035	-0.000170	-0.427214	0.028494	0.001766	-0.008329	-0.134785	-0.000032	-0.018285	-0.004504	-0.087496	-0.002559	0.391342	-0.041836	0.726115	-0.036739	
0.004348	-0.003245	0.004593	0.002741	-0.008676	0.004832	0.013170	0.006943	-0.001151	0.110425	-0.497513	0.002920	0.000369	0.002508	-0.266181	-0.021168	0.505391	0.002147	-0.013602	0.029334	0.641967	
0.000475	-0.000978	-0.204607	-0.105192	0.596887	-0.220718	-0.338098	0.000244	0.000098	0.011582	-0.018969	-0.000075	0.024041	0.000071	-0.103625	0.002211	-0.052137	0.452901	-0.370727	-0.265836	0.002788	
-0.197830	-0.259891	0.001713	-0.001908	0.000744	0.000474	0.000050	0.426746	-0.039317	-0.006497	0.001639	-0.131840	-0.004827	0.183475	0.006367	-0.091343	-0.005085	-0.321224	-0.648185	0.355020	-0.027635	
0.003182	0.004117	-0.013865	0.017691	0.038868	0.019946	-0.022188	-0.007298	-0.005440	-0.412684	0.108333	0.001828	-0.301440	-0.005008	0.346973	0.021116	-0.435788	0.004840	-0.011326	0.030776	0.642027	
0.000904	0.001896	0.146722	-0.176246	-0.589308	-0.231601	0.328418	-0.000131	-0.000632	-0.037067	0.000735	-0.000101	-0.107230	0.000099	-0.095535	0.002517	-0.058158	0.452850	-0.370771	-0.265863	0.002790	
0.453797	-0.344551	-0.489049	-0.330379	-0.221403	0.268701	-0.165893	0.112900	-0.022565	0.003482	0.006989	0.229971	-0.000931	-0.036913	-0.003338	-0.025922	-0.000489	0.201065	0.062462	0.256080	-0.011767	
-0.000178	-0.000061	0.000624	0.000453	0.008072	-0.013745	0.002260	-0.021397	-0.454497	0.035939	0.606628	-0.051797	-0.001483	-0.422288	-0.173159	-0.333459	0.248871	-0.047032	-0.044506	-0.016325	0.186650	
-0.282963	0.213520	0.289917	0.193278	-0.155511	0.394135	-0.401927	0.379632	-0.049399	0.009957	0.008046	0.430943	0.001971	-0.050862	-0.033612	-0.000262	-0.014715	0.274364	0.014342	-0.002508	-0.001020	
0.450512	-0.340292	0.493591	0.331427	0.221647	-0.269122	0.166117	0.113219	-0.007547	-0.002357	0.013783	0.231391	0.000826	-0.022917	-0.002587	-0.015288	-0.000094	0.202596	0.063766	0.256877	-0.011787	
-0.014841	0.011403	-0.015803	-0.010595	0.000872	-0.005043	-0.002979	0.018178	0.461556	0.019846	0.603161	0.042851	-0.000795	0.424454	-0.172149	0.309803	0.274044	0.047307	0.035802	0.032813	0.185427	
0.281190	-0.211091	0.292912	0.194058	-0.155710	0.394247	-0.402670	-0.378842	0.050089	0.009144	0.006923	-0.430735	0.002058	0.051057	-0.033367	0.001355	-0.009255	-0.011735	-0.229111	-0.151508	0.002634	
0.337813	0.447192	-0.325771	0.498836	-0.220733	-0.268634	-0.172901	-0.113509	0.010135	0.017394	-0.001360	0.233495	0.001946	0.049097	0.003548	-0.050310	-0.002768	-0.184075	-0.265268	0.055505	-0.006846	
-0.026262	-0.034428	0.025777	-0.038194	-0.023941	-0.028885	-0.006263	0.028282	0.541939	0.604886	0.054689	0.026802	0.075813	-0.324272	0.131003	-0.311834	-0.257337	-0.045004	-0.042789	-0.015248	0.186676	
0.211839	0.278599	-0.194755	0.294265	0.151820	0.384835	0.410213	0.382693	0.032379	0.049032	0.006906	-0.430813	-0.013356	-0.033495	-0.026937	-0.001414	-0.031647	0.273469	0.013579	-0.002977	-0.001007	
0.343500	0.457459	0.319673	-0.492191	0.219677	0.267294	0.172269	-0.115057	-0.007801	0.002793	0.003802	0.232784	0.000691	0.059828	0.001283	-0.039578	-0.002332	-0.182591	-0.264005	0.056275	-0.006865	
0.015291	0.020038	0.014699	-0.021317	-0.031351	-0.037787	-0.012259	-0.023645	-0.521890	0.620648	0.060373	-0.034206	0.077128	0.321939	0.131533	0.336675	-0.231734	0.048600	0.036893	0.033507	0.185461	
-0.214828	-0.284209	-0.190560	0.289535	0.151486	0.384223	0.409182	-0.383833	-0.030913	0.050075	0.008460	0.431268	-0.013197	0.033680	-0.026688	0.004108	-0.026164	-0.011310	-0.228750	-0.151285	0.002631	
0.000288	0.000785	0.000104	-0.000011	-0.000929	0.000011	0.000830	0.004060	0.065125	-0.004985	-0.000132	-0.007633	0.014238	-0.619096	-0.005341	0.748271	0.032266	-0.084167	-0.180219	0.107542	-0.008149	
0.000004	0.000041	0.006698	-0.000852	-0.057834	-0.000040	0.050359	-0.000193	-0.004367	-0.238338	0.018061	-0.000035	0.888218	0.008781	-0.196003	-0.000859	-0.273454	-0.000222	-0.004668	0.008077	0.186098	
0.000001	0.000016	0.002226	-0.000000	-0.018241	0.003337	0.018596	-0.000037	-0.000316	-0.030267	0.032584	-0.000046	0.309571	-0.000959	0.807831	-0.019938	0.462336	0.136022	-0.103372	-0.074575	0.000698	

step=6

-0.263119	0.194195	-0.001287	-0.000310	-0.000227	0.000037	-0.000148	-0.426936	0.030477	0.001692	-0.008367	-0.134769	0.000021	-0.017280	-0.004339	-0.086998	-0.003402	0.685537	-0.453640	0.060568	-0.065571	
0.004373	-0.003219	0.004576	0.002686	-0.008223	0.004796	0.013490	0.006954	-0.001176	0.105908	-0.498699	0.002907	0.004232	0.002292	-0.257000	-0.024183	0.509668	0.050101	-0.043245	-0.277463	0.576117	
0.000487	-0.000961	-0.205560	-0.102658	0.594865	-0.220374	-0.341683	0.000239	0.000095	0.010887	-0.019392	-0.000075	0.029202	0.000052	-0.104204	0.002580	-0.051064	-0.061569	-0.055739	0.573748	0.277713	
-0.196049	-0.261271	0.001638	-0.001871	0.000761	0.000475	0.000011	0.426402	-0.042171	-0.006376	0.001723	-0.131830	-0.004955	0.185319	0.006154	-0.088914	-0.005076	-0.266064	-0.754980	-0.069290	-0.065974	
0.003152	0.004135	-0.014309	0.018737	0.040282	0.020751	-0.023270	-0.007312	-0.005293	-0.407300	0.111463	0.001803	-0.308486	-0.004821	0.338256	0.023744	-0.441643	0.052797	-0.042428	-0.277409	0.575899	
0.000873	0.001860	0.144026	-0.177960	-0.586927	-0.231964	0.331257	-0.000134	-0.000632	-0.037908	0.000740	-0.000096	-0.110930	0.000087	-0.097270	0.002877	-0.056043	-0.061633	-0.055760	0.573738	0.277711	
0.456167	-0.341437	-0.493305	-0.324105	-0.222213	0.268798	-0.164461	0.112812	-0.023606	0.003667	0.006767	0.229840	-0.000934	-0.036754	-0.003317	-0.025815	-0.000836	0.315697	-0.094408	0.033521	-0.018952	
-0.000197	-0.000080	0.000644	0.000451	0.008119	-0.013698	0.001604	-0.022070	-0.451558	0.039659	0.606018	-0.054054	-0.000688	-0.421314	-0.170162	-0.340299	0.249313	-0.048351	-0.032470	-0.088887	0.166985	
-0.284383	0.211526	0.292376	0.189547	-0.158079	0.394448	-0.400619	0.379466	-0.051995	0.010174	0.007482	0.430795	0.003139	-0.051072	-0.033896	-0.000215	-0.014573	0.173259	0.044361	0.192351	0.080565	
0.452848	-0.337234	0.497824	0.325124	0.222455	-0.269212	0.164654	0.113167	-0.008666	-0.002421	0.013985	0.231344	0.000851	-0.022783	-0.002485	-0.014999	-0.000367	0.317723	-0.093766	0.033796	-0.018953	
-0.014909	0.011327	-0.015935	-0.010393	0.000889	-0.004963	-0.003604	0.018826	0.458572	0.023846	0.602758	0.045172	-0.000065	0.423247	-0.169253	0.313495	0.278695	0.076332	0.007078	-0.071999	0.166989	
0.282589	-0.209131	0.295357	0.190307	-0.158272	0.394558	-0.401329	-0.378704	0.052659	0.009380	0.006377	-0.430596	0.003217	0.051250	-0.033685	0.001485	-0.008708	-0.208774	-0.076614	0.140221	0.080402	
0.334777	0.449582	-0.319351	0.502823	-0.221557	-0.268573	-0.171927	-0.113383	0.010321	0.017985	-0.001626	0.233480	0.002192	0.048830	0.003559	-0.051142	-0.002866	-0.198669	-0.257292	-0.036664	-0.019168	
-0.027096	-0.036043	0.026338	-0.040067	-0.025346	-0.030267	-0.006274	0.030763	0.543556	0.604597	0.050576	0.028507	0.081176	-0.316185	0.125209	-0.314991	-0.261617	-0.046127	-0.031784	-0.088752	0.166869	
0.209836	0.279924	-0.190902	0.296562	0.154168	0.384329	0.409534	0.383061	0.033709	0.051361	0.006887	-0.430669	-0.013060	-0.032849	-0.027821	-0.001010	-0.031914	0.172024	0.043970	0.192178	0.080558	
0.340339	0.459739	0.313509	-0.496304	0.220462	0.267203	0.171311	-0.114983	-0.007713	0.002164	0.003906	0.232695	0.000633	0.059303	0.001020	-0.040250	-0.002369	-0.196705	-0.256670	-0.036398	-0.019168	
0.016231	0.021592	0.015458	-0.023034	-0.032799	-0.039209	-0.012250	-0.026087	-0.523684	0.620459	0.056105	-0.035812	0.082476	0.313946	0.125648	0.342654	-0.231835	0.077559	0.007447	-0.071999	0.166873	
-0.212734	-0.285437	-0.186856	0.291878	0.153848	0.383750	0.408544	-0.384138	-0.032208	0.052405	0.008388	0.431107	-0.012871	0.033034	-0.027608	0.004122	-0.026047	-0.208201	-0.076434	0.140294	0.080400	
0.000285	0.000805	0.000110	-0.000011	-0.000987	0.000013	0.000893	0.004226	0.070017	-0.005230	-0.000107	-0.007428	0.014285	-0.628404	-0.005041	0.739609	0.036054	-0.066589	-0.215398	-0.018813	-0.019177	
0.000003	0.000042	0.007079	-0.000880	-0.061485	-0.000019	0.054278	-0.000201	-0.004562	-0.248570	0.020747	-0.000081	0.886972	0.009048	-0.191814	0.000596	-0.269606	0.013149	-0.012984	-0.080734	0.166864	
0.000001	0.000017	0.002356	0.000011	-0.019058	0.003763	0.019840	-0.000038	-0.000299	-0.030093	0.035228	-0.000051	0.301590	-0.000913	0.818182	-0.021899	0.448775	-0.011307	-0.014066	0.167327	0.080592	

step=7

-0.264573	0.192255	-0.001288	-0.000308	-0.000217	0.000047	-0.000125	-0.426628	0.032580	0.001638	-0.008406	-0.134739	0.000072	-0.016210	-0.004166	-0.086361	-0.004106	0.517112	0.517804	0.385190	-0.009179	
0.004402	-0.003190	0.004565	0.002627	-0.007748	0.004765	0.013806	0.006967	-0.001232	0.102113	-0.499712	0.002888	0.007671	0.002075	-0.247799	-0.028544	0.513694	-0.002087	-0.008304	0.027874	0.642229	
0.000503	-0.000945	-0.206585	-0.099854	0.592668	-0.219989	-0.345483	0.000227	0.000083	0.010137	-0.019800	-0.000072	0.034433	0.000048	-0.104706	0.002707	-0.049474	-0.048647	-0.351078	0.535571	-0.028003	
-0.194098	-0.262758	0.001545	-0.001808	0.000780	0.000473	-0.000029	0.426023	-0.045193	-0.006286	0.001798	-0.131850	-0.005069	0.187148	0.005948	-0.086453	-0.005862	-0.486692	0.556600	0.320921	-0.007404	
0.003121	0.004158	-0.014735	0.019847	0.041772	0.021578	-0.024428	-0.007326	-0.004993	-0.402098	0.113950	0.001805	-0.314813	-0.004634	0.330003	0.027580	-0.447032	0.000599	-0.008574	0.028059	0.642117	
0.000829	0.001804	0.141047	-0.179807	-0.584338	-0.232368	0.334262	-0.000140	-0.000624	-0.038767	0.000658	-0.000088	-0.115040	0.000089	-0.098802	0.002988	-0.053324	-0.048702	-0.351076	0.535567	-0.028003	
0.458740	-0.338035	-0.497883	-0.317121	-0.223076	0.268892	-0.162926	0.112723	-0.024728	0.003836	0.006546	0.229701	-0.000945	-0.036595	-0.003300	-0.025654	-0.001022	0.273263	0.145291	0.119529	-0.002878	
-0.000214	-0.000101	0.000663	0.000448	0.008164	-0.013647	0.000942	-0.022772	-0.448396	0.042224	0.605413	-0.056493	-0.000107	-0.420297	-0.167339	-0.348045	0.248635	-0.066057	0.000185	0.003876	0.186237	
-0.285923	0.209352	0.295021	0.185395	-0.160826	0.394771	-0.399197	0.379287	-0.054779	0.010338	0.006928	0.430632	0.004278	-0.051311	-0.034171	-0.000219	-0.014083	0.187451	-0.109534	0.168112	-0.008471	
0.455355	-0.333871	0.502401	0.318133	0.223318	-0.269305	0.163088	0.113107	-0.009872	-0.002491	0.014194	0.231291	0.000880	-0.022643	-0.002383	-0.014642	-0.000448	0.275376	0.145208	0.119665	-0.002881	
-0.014989	0.011247	-0.016086	-0.010172	0.000901	-0.004880	-0.004230	0.019498	0.455320	0.027097	0.602355	0.047665	0.000437	0.421990	-0.166547	0.316681	0.284183	0.063790	-0.004916	0.012209	0.186030	
0.284091	-0.206980	0.298002	0.186147	-0.161014	0.394891	-0.399877	-0.378542	0.055420	0.009569	0.005839	-0.430435	0.004351	0.051475	-0.033995	0.001502	-0.008203	-0.215470	-0.093959	0.142319	-0.007759	
0.331473	0.452203	-0.312198	0.507079	-0.222428	-0.268512	-0.170881	-0.113251	0.010458	0.018614	-0.001871	0.233460	0.002438	0.048599	0.003570	-0.052100	-0.003407	-0.269325	0.166265	0.084790	-0.001920	
-0.027928	-0.037748	0.026841	-0.042051	-0.026821	-0.031691	-0.006271	0.033374	0.545003	0.604354	0.047426	0.030361	0.086488	-0.307529	0.119344	-0.317560	-0.266640	-0.063806	0.000008	0.004028	0.186176	
0.207662	0.281382	-0.186615	0.299012	0.156659	0.383785	0.408788	0.383466	0.035139	0.053753	0.006911	-0.430503	-0.012790	-0.032162	-0.028707	-0.000534	-0.031841	0.186136	-0.109484	0.168030	-0.008471	
0.336850	0.462154	0.306678	-0.500780	0.221293	0.267117	0.170287	-0.114897	-0.007676	0.001514	0.004021	0.232591	0.000573	0.058797	0.000752	-0.041041	-0.002821	-0.267272	0.166184	0.084922	-0.001923	
0.017171	0.023220	0.016187	-0.024849	-0.034325	-0.040664	-0.012238	-0.028653	-0.525787	0.619924	0.052806	-0.037615	0.087757	0.305354	0.119680	0.349330	-0.230743	0.064979	-0.005051	0.012292	0.185971	
-0.210430	-0.286738	-0.182759	0.294430	0.156357	0.383255	0.407850	-0.384464	-0.033648	0.054811	0.008359	0.430915	-0.012577	0.032353	-0.028537	0.004001	-0.025969	-0.214854	-0.093987	0.142356	-0.007762	
0.000282	0.000827	0.000117	-0.000012	-0.001046	0.000014	0.000961	0.004410	0.075340	-0.005439	-0.000090	-0.007126	0.014296	-0.637986	-0.004777	0.730247	0.041403	-0.131714	0.160857	0.093621	-0.002134	
0.000001	0.000042	0.007488	-0.000922	-0.065323	-0.000017	0.058452	-0.000210	-0.004660	-0.258465	0.023118	-0.000112	0.885256	0.009319	-0.188798	0.002747	-0.266052	-0.001957	-0.002423	0.007996	0.186075	
0.000001	0.000017	0.002497	0.000020	-0.019921	0.004211	0.021160	-0.000039	-0.000266	-0.029683	0.038012	-0.000053	0.294883	-0.000848	0.827618	-0.024894	0.435370	-0.007429	-0.101928	0.155633	-0.008076	

step=8

-0.266102	0.190181	-0.001296	-0.000312	-0.000207	0.000061	-0.000108	-0.426292	0.034815	0.001601	-0.008449	-0.134700	0.000124	-0.015068	-0.003998	-0.084704	-0.005549	0.526866	0.556232	0.312121	-0.003690	
0.004434	-0.003161	0.004558	0.002564	-0.007249	0.004739	0.014115	0.006984	-0.001318	0.098882	-0.500606	0.002871	0.010670	0.001832	-0.238532	-0.036535	0.517663	-0.000349	0.010094	-0.010895	0.642402	
0.000528	-0.000930	-0.207665	-0.096793	0.590286	-0.219578	-0.349490	0.000217	0.000068	0.009324	-0.020198	-0.000069	0.039718	0.000025	-0.105161	0.003424	-0.048281	-0.012926	-0.305545	0.565246	0.014408	
-0.192012	-0.264320	0.001431	-0.001713	0.000798	0.000468	-0.000065	0.425604	-0.048411	-0.006208	0.001870	-0.131910	-0.005156	0.188966	0.005728	-0.084769	-0.006559	-0.479558	0.573890	0.300000	-0.003748	
0.003093	0.004188	-0.015137	0.021019	0.043328	0.022427	-0.025662	-0.007337	-0.004557	-0.397096	0.115970	0.001797	-0.320377	-0.004389	0.322220	0.034670	-0.451480	0.001387	0.010124	-0.010859	0.642889	
0.000774	0.001728	0.137789	-0.181764	-0.581543	-0.232796	0.337426	-0.000153	-0.000596	-0.039667	0.000497	-0.000082	-0.119534	0.000075	-0.100129	0.003673	-0.050915	-0.012968	-0.305544	0.565246	0.014409	
0.461460	-0.334409	-0.502736	-0.309439	-0.223985	0.268985	-0.161290	0.112632	-0.025934	0.003984	0.006328	0.229548	-0.000966	-0.036431	-0.003287	-0.024972	-0.001526	0.276364	0.159028	0.091942	-0.001062	
-0.000233	-0.000123	0.000683	0.000444	0.008209	-0.013598	0.000283	-0.023509	-0.444973	0.043858	0.604815	-0.059082	0.000275	-0.419228	-0.164633	-0.357925	0.245426	-0.064062	0.004046	-0.003929	0.186122	
-0.287551	0.207036	0.297823	0.180830	-0.163738	0.395100	-0.397660	0.379095	-0.057763	0.010445	0.006381	0.430445	0.005379	-0.051582	-0.034438	0.000319	-0.013873	0.198288	-0.092093	0.166241	0.004187	
0.457977	-0.330266	0.507277	0.310470	0.224228	-0.269399	0.161424	0.113036	-0.011153	-0.002585	0.014410	0.231228	0.000913	-0.022492	-0.002281	-0.013749	-0.000765	0.278436	0.158991	0.091968	-0.001063	
-0.015083	0.011167	-0.016256	-0.009936	0.000904	-0.004790	-0.004858	0.020201	0.451779	0.029777	0.601945	0.050312	0.000726	0.420639	-0.164084	0.318197	0.291961	0.063060	0.001804	-0.002399	0.186099	
0.285661	-0.204677	0.300819	0.181590	-0.163926	0.395241	-0.398322	-0.378352	0.058362	0.009747	0.005312	-0.430246	0.005449	0.051720	-0.034310	0.001273	-0.007646	-0.205598	-0.085007	0.161380	0.004161	
0.327966	0.455007	-0.304329	0.511552	-0.223348	-0.268451	-0.169759	-0.113108	0.010547	0.019268	-0.002099	0.233438	0.002690	0.048426	0.003579	-0.053630	-0.004055	-0.267575	0.168572	0.085392	-0.001092	
-0.028759	-0.039540	0.027278	-0.044143	-0.028362	-0.033154	-0.006251	0.036122	0.546299	0.604194	0.045025	0.032399	0.091656	-0.298204	0.113388	-0.318402	-0.273641	-0.062342	0.004048	-0.003900	0.186383	
0.205357	0.282941	-0.181902	0.301584	0.159296	0.383208	0.407972	0.383899	0.036651	0.056234	0.006969	-0.430316	-0.012553	-0.031454	-0.029607	0.000684	-0.032033	0.196944	-0.092068	0.166227	0.004196	
0.333096	0.464642	0.299200	-0.505581	0.222172	0.267033	0.169189	-0.114800	-0.007694	0.000839	0.004144	0.232471	0.000515	0.058334	0.000473	-0.042393	-0.003308	-0.265554	0.168535	0.085416	-0.001093	
0.018105	0.024910	0.016871	-0.026759	-0.035924	-0.042170	-0.012200	-0.031380	-0.528180	0.619104	0.050271	-0.039585	0.092870	0.296086	0.113527	0.357839	-0.226853	0.063721	0.001825	-0.002383	0.186360	
-0.207958	-0.288071	-0.178279	0.297167	0.159017	0.382738	0.407085	-0.384818	-0.035210	0.057247	0.008359	0.430696	-0.012319	0.031634	-0.029488	0.003695	-0.025839	-0.204984	-0.085018	0.161385	0.004170	
0.000278	0.000850	0.000123	-0.000013	-0.001107	0.000017	0.001032	0.004615	0.081149	-0.005609	-0.000082	-0.006705	0.014209	-0.647890	-0.004461	0.719592	0.051754	-0.132840	0.166196	0.087012	-0.001121	
-0.000000	0.000043	0.007925	-0.000982	-0.069323	-0.000030	0.062867	-0.000219	-0.004652	-0.267910	0.025180	-0.000150	0.883154	0.009533	-0.186962	0.006782	-0.262556	-0.001692	0.002979	-0.003170	0.186378	
-0.000000	0.000017	0.002650	0.000024	-0.020820	0.004688	0.022552	-0.000041	-0.000219	-0.028972	0.040963	-0.000052	0.289458	-0.000670	0.836216	-0.030480	0.421649	0.003085	-0.088694	0.163887	0.003955	

step=9

-0.269900	0.184797	-0.001295	-0.000296	-0.000189	0.000069	-0.000090	-0.425898	0.037176	0.001613	-0.008512	-0.134847	0.000181	-0.013774	-0.003833	-0.075808	0.000893	0.526033	-0.435551	0.468617	0.002017	
0.004514	-0.003083	0.004609	0.002410	-0.006723	0.004727	0.014384	0.007025	-0.001451	0.096115	-0.501448	0.002886	0.013280	0.001412	-0.229109	-0.056078	0.519701	-0.008608	0.005668	0.001985	0.642579	
0.000563	-0.000896	-0.210580	-0.089373	0.587797	-0.219345	-0.353431	0.000217	0.000067	0.008436	-0.020583	-0.000066	0.045029	-0.000084	-0.105587	0.005149	-0.046926	-0.000305	0.470638	0.437843	-0.005498	
-0.186640	-0.268169	0.001243	-0.001573	0.000810	0.000465	-0.000102	0.425185	-0.051828	-0.006212	0.001935	-0.131815	-0.005179	0.190751	0.005389	-0.089186	-0.017717	-0.480412	-0.439901	0.472584	0.002435	
0.003035	0.004292	-0.015050	0.022518	0.044924	0.023248	-0.026953	-0.007379	-0.003859	-0.392256	0.117652	0.001779	-0.325254	-0.003795	0.314855	0.051938	-0.454946	0.008504	0.005460	0.002255	0.643005	
0.000677	0.001610	0.130651	-0.186417	-0.578706	-0.233056	0.340597	-0.000171	-0.000557	-0.040539	0.000238	-0.000073	-0.124361	0.000009	-0.101251	0.005334	-0.048252	-0.000303	0.470637	0.437844	-0.005497	
0.468159	-0.325029	-0.513643	-0.291092	-0.224832	0.269089	-0.159704	0.112472	-0.027218	0.004094	0.006135	0.229355	-0.001000	-0.036254	-0.003260	-0.020559	0.002504	0.276123	-0.125690	0.135318	0.000533	
-0.000255	-0.000146	0.000720	0.000429	0.008267	-0.013561	-0.000351	-0.024253	-0.441166	0.044469	0.604178	-0.061822	0.000421	-0.418150	-0.161788	-0.374377	0.232506	-0.061415	0.001461	0.000782	0.186235	
-0.291642	0.201139	0.304161	0.169950	-0.166601	0.395381	-0.396175	0.378765	-0.060919	0.010441	0.005874	0.430282	0.006425	-0.051918	-0.034673	0.003821	-0.009943	0.201987	0.137265	0.126090	-0.001677	
0.464551	-0.320990	0.518174	0.292069	0.225072	-0.269497	0.159805	0.112910	-0.012487	-0.002704	0.014658	0.231138	0.000949	-0.022299	-0.002172	-0.009082	0.003750	0.277974	-0.125683	0.135311	0.000531	
-0.015337	0.010918	-0.016648	-0.009371	0.000881	-0.004686	-0.005456	0.020915	0.447755	0.032146	0.601526	0.053062	0.000898	0.419018	-0.162147	0.314222	0.307716	0.051893	0.001874	0.000304	0.186103	
0.289675	-0.198839	0.307152	0.170668	-0.166779	0.395530	-0.396808	-0.378039	0.061468	0.009942	0.004798	-0.430092	0.006513	0.051969	-0.034671	-0.001487	-0.010718	-0.202090	0.135522	0.127682	-0.001513	
0.318863	0.461860	-0.285564	0.521807	-0.224322	-0.268392	-0.168569	-0.113004	0.010595	0.019984	-0.002295	0.233434	0.002977	0.048327	0.003555	-0.058694	-0.010833	-0.267256	-0.128036	0.137462	0.000762	
-0.029090	-0.041764	0.026718	-0.046860	-0.029920	-0.034573	-0.006165	0.039023	0.547326	0.604354	0.043311	0.034622	0.096602	-0.287866	0.107446	-0.313775	-0.288689	-0.051519	0.001353	0.000923	0.186463	
0.199568	0.287019	-0.170764	0.307607	0.162005	0.382680	0.407050	0.384462	0.038184	0.058740	0.007022	-0.430047	-0.012383	-0.030705	-0.030513	0.005366	-0.028448	0.200780	0.137257	0.126103	-0.001668	
0.323510	0.470966	0.281086	-0.516318	0.223100	0.266949	0.168029	-0.114763	-0.007860	0.000213	0.004279	0.232362	0.000494	0.057978	0.000147	-0.047198	-0.009642	-0.265442	-0.128028	0.137454	0.000760	
0.018638	0.026777	0.016877	-0.028993	-0.037577	-0.043685	-0.012144	-0.034234	-0.531204	0.617849	0.048399	-0.041751	0.097890	0.285854	0.106911	0.372074	-0.213527	0.060737	0.001761	0.000450	0.186331	
-0.201876	-0.291800	-0.167559	0.303451	0.161754	0.382264	0.406209	-0.385299	-0.036896	0.059604	0.008382	0.430394	-0.012108	0.030821	-0.030506	0.001178	-0.029279	-0.201020	0.135519	0.127683	-0.001505	
0.000262	0.000878	0.000130	-0.000017	-0.001160	0.000022	0.001102	0.004846	0.087527	-0.005718	-0.000083	-0.006143	0.013829	-0.658421	-0.003655	0.704370	0.074638	-0.147551	-0.127602	0.136959	0.000616	
-0.000003	0.000043	0.008363	-0.001225	-0.073470	-0.000026	0.067486	-0.000230	-0.004390	-0.276948	0.026917	-0.000208	0.880691	0.009362	-0.186292	0.016562	-0.259022	0.002704	0.001549	0.000696	0.186403	
-0.000001	0.000018	0.002814	-0.000032	-0.021751	0.005210	0.024008	-0.000050	-0.000150	-0.027952	0.044128	-0.000041	0.285299	0.000101	0.844084	-0.044477	0.406980	-0.000165	0.136511	0.126745	-0.001781	

step=10

-0.271498	0.182495	-0.001294	-0.000304	-0.000175	0.000081	-0.000061	-0.425496	0.039674	0.001617	-0.008541	-0.134765	0.000227	-0.012452	-0.003661	0.214798	-0.481520	-0.051178	0.631852	0.104896	0.033120	
0.004540	-0.003045	0.004612	0.002343	-0.006174	0.004716	0.014678	0.007032	-0.001577	0.093614	-0.502231	0.002859	0.015532	0.001218	-0.219785	-0.145044	-0.117132	0.492491	-0.052712	0.118450	0.629242	
0.000588	-0.000868	-0.211621	-0.085847	0.584972	-0.218853	-0.357933	0.000200	0.000051	0.007420	-0.020995	-0.000065	0.050515	-0.000104	-0.105986	0.013849	0.007505	-0.043714	-0.099943	0.622507	-0.125289	
-0.184325	-0.269800	0.001090	-0.001400	0.000827	0.000455	-0.000155	0.424681	-0.055479	-0.006165	0.002000	-0.131978	-0.005252	0.192477	0.005200	-0.322998	0.368460	-0.007013	0.633855	0.110996	0.031659	
0.003002	0.004325	-0.015378	0.023841	0.046608	0.024152	-0.028338	-0.007372	-0.003169	-0.387490	0.119151	0.001764	-0.329563	-0.003618	0.308010	0.130579	0.104908	-0.431266	-0.051966	0.118295	0.630047	
0.000598	0.001479	0.126834	-0.188424	-0.575405	-0.233567	0.344167	-0.000178	-0.000494	-0.041498	-0.000067	-0.000072	-0.129596	-0.000008	-0.102164	0.013857	0.007512	-0.043678	-0.099943	0.622507	-0.125289	
0.470999	-0.320991	-0.518716	-0.282074	-0.225865	0.269170	-0.157828	0.112355	-0.028578	0.004200	0.005888	0.229174	-0.001039	-0.036043	-0.003265	0.128297	-0.243937	-0.020270	0.182866	0.029651	0.009778	
-0.000248	-0.000190	0.000713	0.000408	0.008302	-0.013505	-0.001016	-0.025040	-0.437145	0.044781	0.603549	-0.064712	0.000501	-0.416901	-0.159593	-0.389975	-0.182304	0.134892	-0.015080	0.034427	0.182645	
-0.293330	0.198561	0.307079	0.164594	-0.169947	0.395731	-0.394385	0.378514	-0.064318	0.010406	0.005337	0.430041	0.007473	-0.052235	-0.034967	0.111943	-0.168429	-0.021559	-0.029367	0.179182	-0.036016	
0.467297	-0.317007	0.523239	0.283082	0.226104	-0.269579	0.157900	0.112827	-0.013962	-0.002832	0.014863	0.231060	0.000995	-0.022128	-0.002072	0.138734	-0.239872	-0.016234	0.182856	0.029649	0.009764	
-0.015437	0.010829	-0.016826	-0.009089	0.000880	-0.004599	-0.006072	0.021666	0.443522	0.034114	0.601088	0.056038	0.000834	0.417534	-0.160137	0.237074	0.059555	0.377096	-0.015654	0.034266	0.181870	
0.291309	-0.196297	0.310068	0.165327	-0.170115	0.395894	-0.394983	-0.377810	0.064808	0.010089	0.004287	-0.429854	0.007554	0.052260	-0.034997	-0.105621	0.171156	0.002457	-0.028565	0.181627	-0.036607	
0.315020	0.464917	-0.276313	0.526318	-0.225349	-0.268346	-0.167256	-0.112831	0.010552	0.020661	-0.002503	0.233391	0.003251	0.048313	0.003569	-0.189140	0.198834	-0.008219	0.183964	0.032918	0.009034	
-0.029903	-0.043753	0.026963	-0.049173	-0.031618	-0.036166	-0.006164	0.042052	0.548330	0.604402	0.041925	0.037102	0.101611	-0.277027	0.101121	-0.238886	-0.062172	-0.357343	-0.014685	0.034343	0.183072	
0.197040	0.288695	-0.165229	0.310174	0.164990	0.382047	0.406038	0.384975	0.039914	0.061477	0.007117	-0.429798	-0.012209	-0.029967	-0.031476	0.116466	-0.162831	-0.039206	-0.029347	0.179186	-0.036003	
0.319297	0.473435	0.272357	-0.521426	0.224085	0.266876	0.166742	-0.114632	-0.007973	-0.000528	0.004407	0.232204	0.000388	0.057606	-0.000133	-0.178719	0.202930	-0.004282	0.183955	0.032915	0.009021	
0.019570	0.028656	0.017446	-0.031166	-0.039326	-0.045317	-0.012115	-0.037261	-0.534128	0.616512	0.046867	-0.044132	0.102721	0.275005	0.100463	0.383036	0.177739	-0.116815	-0.015254	0.034184	0.182302	
-0.199108	-0.293084	-0.162341	0.306346	0.164768	0.381698	0.405269	-0.385711	-0.038781	0.062218	0.008406	0.430108	-0.011938	0.030068	-0.031504	-0.099825	0.174857	-0.015508	-0.028554	0.181620	-0.036591	
0.000257	0.000904	0.000138	-0.000019	-0.001228	0.000025	0.001186	0.005097	0.094497	-0.005807	-0.000085	-0.005388	0.013748	-0.668935	-0.003411	0.483100	0.459136	0.253681	0.183353	0.032755	0.008195	
-0.000006	0.000042	0.008852	-0.001333	-0.077761	-0.000024	0.072501	-0.000245	-0.004206	-0.285757	0.028436	-0.000248	0.877933	0.009659	-0.186288	0.061143	0.053605	-0.243271	-0.014958	0.034265	0.182703	
-0.000002	0.000018	0.002990	-0.000039	-0.022707	0.005766	0.025566	-0.000052	-0.000092	-0.026599	0.047530	-0.000038	0.281998	0.000274	0.851180	-0.105983	-0.095443	0.369723	-0.029287	0.180429	-0.036633	

step=11

-0.273368	0.179729	-0.001291	0.000311	-0.000161	0.000092	-0.000027	-0.425045	0.042290	0.001640	-0.008569	-0.134671	0.000268	-0.011008	-0.003499	-0.105658	0.020961	0.514676	-0.017914	0.643597	-0.033700	
0.004571	-0.002999	0.004623	-0.002262	-0.005597	0.004710	0.014936	0.007039	-0.001718	0.091340	-0.502970	0.002830	0.017542	0.001048	-0.210467	0.071433	0.524724	-0.006398	-0.037938	0.032333	0.640871	
0.000614	-0.000836	-0.212831	0.081697	0.582028	-0.218327	-0.362468	0.000179	0.000034	0.006228	-0.021400	-0.000060	0.056134	-0.000122	-0.106355	-0.005965	-0.044484	0.000320	0.641491	0.019389	0.036889	
-0.181552	-0.271702	0.000922	0.001192	0.000847	0.000451	-0.000212	0.424117	-0.059339	-0.006139	0.002063	-0.132214	-0.005321	0.194008	0.005029	-0.053440	0.001018	-0.490766	-0.017032	0.639918	-0.033300	
0.002963	0.004366	-0.015609	-0.025238	0.048328	0.025054	-0.029768	-0.007364	-0.002396	-0.382719	0.120484	0.001749	-0.333468	-0.003462	0.301617	-0.060653	-0.463699	0.006436	-0.037741	0.032494	0.640926	
0.000508	0.001324	0.122418	0.190710	-0.571960	-0.234117	0.347726	-0.000176	-0.000416	-0.042367	-0.000456	-0.000062	-0.135159	-0.000025	-0.102872	-0.005765	-0.043036	0.000319	0.641492	0.019389	0.036889	
0.474317	-0.316149	-0.524428	0.271441	-0.226914	0.269255	-0.155913	0.112239	-0.030018	0.004284	0.005642	0.228977	-0.001087	-0.035790	-0.003283	-0.036808	0.008484	0.272564	-0.005300	0.186967	-0.009815	
-0.000239	-0.000237	0.000706	-0.000385	0.008328	-0.013441	-0.001663	-0.025839	-0.432748	0.044609	0.602906	-0.067732	0.000472	-0.415757	-0.157700	-0.315717	0.321062	-0.080976	-0.010934	0.009002	0.185727	
-0.295316	0.195487	0.310372	-0.158286	-0.173354	0.396089	-0.392529	0.378230	-0.067903	0.010272	0.004803	0.429764	0.008504	-0.052542	-0.035275	-0.011887	-0.008928	0.201814	0.185730	0.006356	0.010610	
0.470522	-0.312239	0.528932	-0.272477	0.227149	-0.269657	0.155946	0.112754	-0.015528	-0.002970	0.015065	0.230974	0.001045	-0.021912	-0.001976	-0.025063	0.006901	0.275110	-0.005303	0.186980	-0.009816	
-0.015552	0.010716	-0.017024	0.008755	0.000870	-0.004504	-0.006671	0.022427	0.438885	0.035787	0.600635	0.059149	0.000683	0.416177	-0.158401	0.388415	0.226361	0.073762	-0.011103	0.009697	0.185711	
0.293239	-0.193268	0.313352	-0.159032	-0.173513	0.396259	-0.393072	-0.377571	0.068326	0.010187	0.003784	-0.429587	0.008578	0.052543	-0.035330	0.009370	-0.010161	-0.201529	0.186082	0.004880	0.010770	
0.310411	0.468505	-0.265413	-0.531371	-0.226389	-0.268311	-0.165922	-0.112664	0.010409	0.021330	-0.002697	0.233345	0.003543	0.048356	0.003585	-0.044548	0.002673	-0.272357	-0.004820	0.184968	-0.009601	
-0.030623	-0.045834	0.026998	0.051598	-0.033341	-0.037781	-0.006201	0.045212	0.549260	0.604524	0.040889	0.039800	0.106597	-0.265490	0.094594	-0.380416	-0.207325	-0.073180	-0.010830	0.009093	0.185757	
0.194040	0.290699	-0.158729	-0.313071	0.168003	0.381384	0.404971	0.385530	0.041736	0.064294	0.007201	-0.429507	-0.012081	-0.029186	-0.032485	-0.013674	-0.028332	0.200557	0.185735	0.006354	0.010612	
0.314255	0.476316	0.262036	0.527198	0.225083	0.266817	0.165437	-0.114507	-0.008179	-0.001264	0.004533	0.232029	0.000261	0.057266	-0.000414	-0.032904	0.000949	-0.269831	-0.004823	0.184979	-0.009601	
0.020429	0.030598	0.017866	0.033443	-0.041101	-0.046972	-0.012121	-0.040421	-0.537261	0.614974	0.045684	-0.046727	0.107538	0.263440	0.093843	0.314926	-0.300539	0.080180	-0.010997	0.009781	0.185741	
-0.195830	-0.294621	-0.156195	-0.309639	0.167816	0.381105	0.404287	-0.386152	-0.040807	0.064879	0.008415	0.429783	-0.011819	0.029268	-0.032543	0.006131	-0.029573	-0.200543	0.186085	0.004886	0.010771	
0.000250	0.000932	0.000146	0.000022	-0.001299	0.000029	0.001275	0.005382	0.102146	-0.005857	-0.000092	-0.004411	0.013676	-0.679394	-0.003195	0.687456	-0.094168	-0.107894	-0.004998	0.185700	-0.009621	
-0.000009	0.000040	0.009364	0.001480	-0.082202	-0.000007	0.077836	-0.000260	-0.003942	-0.294456	0.029703	-0.000291	0.874849	0.009952	-0.186866	-0.044757	-0.249796	0.000918	-0.010909	0.009425	0.185749	
-0.000003	0.000017	0.003179	0.000057	-0.023690	0.006370	0.027210	-0.000054	-0.000033	-0.024931	0.051215	-0.000032	0.279502	0.000432	0.857625	0.050889	0.380126	0.001723	0.185817	0.005580	0.010667	

step=12

-0.273218	0.180015	-0.001270	0.000341	-0.000150	0.000106	0.000023	-0.424581	0.045030	0.001641	-0.008556	-0.134330	0.000296	0.009532	-0.003332	-0.098786	0.010642	0.522253	-0.029890	-0.009911	0.639385	
0.004546	-0.002990	0.004592	-0.002262	-0.004990	0.004704	0.015203	0.007008	-0.001829	0.089190	-0.503687	0.002754	0.019320	-0.001177	-0.201300	0.027309	0.531918	-0.005553	-0.109483	0.633508	0.004747	
0.000626	-0.000799	-0.212523	0.081286	0.578725	-0.217512	-0.367543	0.000135	0.000002	0.004810	-0.021834	-0.000054	0.061999	-0.000011	-0.106702	-0.002187	-0.043987	0.000280	0.632751	0.109134	0.030837	
-0.181807	-0.271565	0.000749	0.000918	0.000872	0.000443	-0.000289	0.423451	-0.063446	-0.006047	0.002124	-0.132751	-0.005440	-0.195414	0.005108	-0.056972	-0.002567	-0.484005	-0.029315	-0.009820	0.644582	
0.002949	0.004340	-0.016308	-0.026456	0.050114	0.026041	-0.031279	-0.007303	-0.001723	-0.377909	0.121763	0.001744	-0.337013	0.003851	0.295733	-0.021664	-0.471643	0.005482	-0.109487	0.633350	0.004630	
0.000415	0.001128	0.121262	0.190763	-0.568007	-0.234944	0.351676	-0.000155	-0.000324	-0.043235	-0.000898	-0.000053	-0.141116	-0.000064	-0.103390	-0.002046	-0.041044	0.000279	0.632750	0.109134	0.030837	
0.474072	-0.316577	-0.525313	0.269920	-0.228160	0.269297	-0.153708	0.112171	-0.031532	0.004372	0.005333	0.228790	-0.001141	0.035487	-0.003351	-0.033264	0.004685	0.274714	-0.008733	-0.002884	0.184659	
-0.000198	-0.000309	0.000651	-0.000355	0.008326	-0.013348	-0.002340	-0.026659	-0.428051	0.044407	0.602251	-0.070887	0.000410	0.414489	-0.156763	-0.349215	0.295838	-0.074378	-0.031686	0.183626	0.001747	
-0.295084	0.195685	0.310838	-0.157368	-0.177270	0.396493	-0.390366	0.378028	-0.071729	0.010094	0.004232	0.429399	0.009552	0.052792	-0.035675	-0.008338	-0.010071	0.201772	0.183257	0.031609	0.007896	
0.470244	-0.312734	0.529739	-0.271063	0.228396	-0.269700	0.153705	0.112735	-0.017249	-0.003104	0.015214	0.230898	0.001106	0.021712	-0.001897	-0.021223	0.004080	0.277050	-0.008735	-0.002884	0.184647	
-0.015511	0.010755	-0.017024	0.008696	0.000881	-0.004425	-0.007284	0.023205	0.433971	0.037080	0.600146	0.062476	0.000387	-0.415152	-0.156486	0.375869	0.259621	0.068150	-0.031770	0.183598	0.001035	
0.292995	-0.193517	0.313779	-0.158182	-0.177418	0.396670	-0.390834	-0.377431	0.072078	0.010184	0.003277	-0.429222	0.009599	-0.052873	-0.035608	0.007448	-0.008577	-0.201499	0.183490	0.031647	0.009978	
0.311066	0.468687	-0.263716	-0.531588	-0.227464	-0.268309	-0.164452	-0.112431	0.010146	0.021941	-0.002905	0.233256	0.003831	-0.048503	0.003663	-0.049795	-0.000344	-0.270071	-0.008421	-0.002833	0.187470	
-0.031889	-0.047662	0.027922	0.053623	-0.035184	-0.039579	-0.006371	0.048488	0.550309	0.604395	0.040016	0.042784	0.111691	0.253406	0.087586	-0.367807	-0.239532	-0.067699	-0.031688	0.183542	0.001680	
0.194293	0.290546	-0.157643	-0.313054	0.171273	0.380634	0.403770	0.386038	0.043806	0.067361	0.007304	-0.429233	-0.011941	0.028407	-0.033587	-0.007816	-0.030101	0.200664	0.183259	0.031606	0.007900	
0.314479	0.475570	0.260930	0.528366	0.226124	0.266792	0.163994	-0.114279	-0.008350	-0.002103	0.004649	0.231799	0.000040	-0.056936	-0.000615	-0.037938	-0.001153	-0.267747	-0.008422	-0.002834	0.187458	
0.021747	0.032521	0.018946	0.035660	-0.042944	-0.048745	-0.012195	-0.043743	-0.540123	0.613484	0.044671	-0.049575	0.112259	-0.251200	0.087481	0.344987	-0.274811	0.073657	-0.031772	0.183514	0.000974	
-0.195790	-0.293863	-0.155448	-0.310151	0.171123	0.380443	0.403214	-0.386517	-0.043050	0.067843	0.008402	0.429468	-0.011724	-0.028561	-0.033568	0.005129	-0.028647	-0.200726	0.183488	0.031643	0.009972	
0.000254	0.000960	0.000157	0.000023	-0.001388	0.000028	0.001380	0.005699	0.110531	-0.005901	-0.000098	-0.003145	0.013915	0.689631	-0.003928	0.679474	-0.035430	-0.118394	-0.008510	-0.002861	0.186715	
-0.000012	0.000037	0.009933	0.001471	-0.086782	0.000007	0.083662	-0.000274	-0.003851	-0.303111	0.030791	-0.000316	0.871491	-0.010771	-0.187664	-0.023255	-0.249932	0.000686	-0.031728	0.183530	0.001339	
-0.000004	0.000016	0.003382	0.000019	-0.024692	0.007011	0.028968	-0.000043	0.000007	-0.022890	0.055226	-0.000037	0.277513	0.000491	0.863403	0.018206	0.370667	0.002296	0.183368	0.031685	0.008948	

step=13

-0.275119	0.177150	-0.001270	0.000357	-0.000134	0.000126	0.000061	-0.424051	0.047897	0.001702	-0.008572	0.000325	-0.134158	-0.007897	-0.003176	-0.097756	0.007811	0.520171	0.620761	0.164180	-0.013050	
0.004570	-0.002938	0.004612	-0.002176	-0.004344	0.004712	0.015400	0.007006	-0.001994	0.087188	-0.504442	0.020927	0.002710	0.001155	-0.192091	0.015256	0.535372	-0.004957	0.001376	0.045889	0.641261	
0.000656	-0.000763	-0.213705	0.076800	0.575301	-0.216862	-0.372495	0.000102	-0.000012	0.003136	-0.022272	0.068017	-0.000049	0.000074	-0.107020	-0.001162	-0.043091	-0.000233	-0.164894	0.619765	-0.043995	
-0.178933	-0.273495	0.000556	0.000626	0.000890	0.000429	-0.000356	0.422770	-0.067823	-0.006065	0.002187	-0.005512	-0.133203	0.196597	0.005091	-0.053680	-0.003444	-0.486306	0.621865	0.164569	-0.013058	
0.002910	0.004388	-0.016477	-0.027995	0.051907	0.027002	-0.032804	-0.007279	-0.000774	-0.373057	0.123025	-0.340242	0.001735	-0.003935	0.290265	-0.011093	-0.476148	0.004922	0.001299	0.045846	0.641134	
0.000304	0.000921	0.116410	0.193077	-0.563991	-0.235616	0.355582	-0.000155	-0.000212	-0.043936	-0.001454	-0.147355	-0.000044	0.000111	-0.103723	-0.001057	-0.038590	-0.000225	-0.164894	0.619765	-0.043995	
0.477456	-0.311567	-0.531211	0.258261	-0.229336	0.269336	-0.151558	0.112044	-0.033138	0.004411	0.005057	-0.001210	0.228565	-0.035152	-0.003418	-0.032985	0.003634	0.274032	0.179764	0.047532	-0.003781	
-0.000165	-0.000376	0.000616	-0.000321	0.008340	-0.013269	-0.002980	-0.027461	-0.422784	0.043524	0.601510	0.000206	-0.074145	-0.413404	-0.155972	-0.362961	0.289931	-0.072723	0.000519	0.013337	0.185851	
-0.297094	0.192498	0.314227	-0.150453	-0.181119	0.396822	-0.388237	0.377702	-0.075737	0.009729	0.003692	0.010576	0.429051	-0.053068	-0.036061	-0.008146	-0.010158	0.201545	-0.048006	0.179532	-0.012748	
0.473511	-0.307793	0.535631	-0.259466	0.229571	-0.269740	0.151521	0.112643	-0.019024	-0.003259	0.015403	0.001171	0.230787	-0.021429	-0.001818	-0.020711	0.003298	0.276324	0.179761	0.047531	-0.003781	
-0.015626	0.010640	-0.017226	0.008327	0.000862	-0.004329	-0.007862	0.023967	0.428391	0.038402	0.599604	0.000098	0.065852	0.414090	-0.155279	0.377035	0.269810	0.067159	0.000298	0.013272	0.185860	
0.294939	-0.190375	0.317170	-0.151300	-0.181257	0.397022	-0.388647	-0.377142	0.076000	0.010161	0.002780	0.010615	-0.428876	0.053175	-0.035939	0.007688	-0.007858	-0.201564	-0.047568	0.179688	-0.012751	
0.306336	0.472458	-0.251777	-0.536657	-0.228573	-0.268318	-0.162920	-0.112234	0.009808	0.022602	-0.003083	0.004168	0.233175	0.048749	0.003709	-0.051327	-0.001106	-0.270763	0.180366	0.047743	-0.003786	
-0.032624	-0.049924	0.027795	0.056248	-0.037003	-0.041346	-0.006577	0.051925	0.551010	0.604667	0.039447	0.116633	0.046018	-0.240160	0.080549	-0.367324	-0.248879	-0.066720	0.000477	0.013313	0.185783	
0.191203	0.292623	-0.150526	-0.315936	0.174583	0.379928	0.402439	0.386680	0.045909	0.070538	0.007359	-0.011849	-0.428861	-0.027612	-0.034728	-0.006327	-0.030682	0.200467	-0.048011	0.179532	-0.012751	
0.309207	0.478357	0.249654	0.534443	0.227197	0.266783	0.162494	-0.114105	-0.008707	-0.002862	0.004767	-0.000152	0.231561	0.056736	-0.000857	-0.039297	-0.001735	-0.268467	0.180361	0.047743	-0.003786	
0.022622	0.034626	0.019260	0.038191	-0.044806	-0.050545	-0.012355	-0.047202	-0.543633	0.611500	0.043932	0.117028	-0.052695	0.237847	0.080684	0.356017	-0.268201	0.072041	0.000258	0.013249	0.185793	
-0.192357	-0.295305	-0.148739	-0.313599	0.174480	0.379837	0.401995	-0.387013	-0.045463	0.070789	0.008367	-0.011648	0.429046	0.027792	-0.034693	0.004963	-0.028442	-0.200852	-0.047568	0.179688	-0.012753	
0.000247	0.000991	0.000167	0.000027	-0.001466	0.000032	0.001484	0.006070	0.119819	-0.005837	-0.000113	0.013921	-0.001549	-0.700038	-0.004229	0.667355	-0.019555	-0.121737	0.180134	0.047676	-0.003777	
-0.000017	0.000033	0.010500	0.001662	-0.091514	0.000056	0.089831	-0.000288	-0.003433	-0.311670	0.031631	0.867869	-0.000370	0.011218	-0.188736	-0.017206	-0.247703	0.000484	0.000371	0.013283	0.185789	
-0.000006	0.000015	0.003597	0.000047	-0.025715	0.007714	0.030804	-0.000041	0.000065	-0.020432	0.059670	0.276073	-0.000031	-0.000921	0.868615	0.009431	0.358925	0.002479	-0.047765	0.179624	-0.012705	

step=14

-0.277076	0.174128	-0.001271	0.000376	-0.000116	0.000140	0.000099	-0.423466	0.050888	0.001804	-0.008592	0.000352	-0.133960	-0.006161	-0.003019	-0.097628	0.006704	0.520094	0.461757	0.445000	-0.040072	
0.004597	-0.002885	0.004635	-0.002086	-0.003659	0.004727	0.015548	0.007007	-0.002211	0.085219	-0.505226	0.022355	0.002662	0.001212	-0.182896	0.009759	0.538407	-0.004736	0.034974	0.021417	0.641449	
0.000688	-0.000723	-0.214845	0.072078	0.571663	-0.216184	-0.377564	0.000070	-0.000024	0.001184	-0.022730	0.074184	-0.000047	0.000179	-0.107310	-0.000671	-0.042226	0.000453	0.445201	-0.463633	-0.008798	
-0.175902	-0.275477	0.000360	0.000294	0.000908	0.000418	-0.000422	0.422018	-0.072489	-0.006153	0.002254	-0.005575	-0.133762	0.197518	0.005167	-0.049531	-0.003829	-0.486562	0.462994	0.444553	-0.040098	
0.002874	0.004444	-0.016581	-0.029603	0.053704	0.027986	-0.034334	-0.007253	0.000420	-0.368192	0.124356	-0.343115	0.001738	-0.004128	0.285223	-0.006243	-0.480010	0.004712	0.035026	0.021441	0.641587	
0.000187	0.000690	0.111272	0.195375	-0.559729	-0.236316	0.359614	-0.000151	-0.000064	-0.044540	-0.002102	-0.153840	-0.000038	0.000199	-0.103866	-0.000598	-0.036110	0.000469	0.445200	-0.463632	-0.008798	
0.480940	-0.306283	-0.537124	0.245885	-0.230557	0.269349	-0.149330	0.111907	-0.034838	0.004410	0.004780	-0.001287	0.228324	-0.034770	-0.003514	-0.033182	0.003234	0.273913	0.133668	0.129017	-0.011610	
-0.000133	-0.000444	0.000582	-0.000290	0.008352	-0.013186	-0.003603	-0.028255	-0.416999	0.042190	0.600698	-0.000061	-0.077485	-0.412476	-0.155820	-0.373060	0.288075	-0.071865	0.010224	0.006169	0.185878	
-0.299161	0.189140	0.317619	-0.143116	-0.185131	0.397121	-0.386007	0.377337	-0.079954	0.009193	0.003143	0.011579	0.428670	-0.053303	-0.036492	-0.008462	-0.010005	0.201641	0.128774	-0.134272	-0.002544	
0.476877	-0.302586	0.541537	-0.247159	0.230791	-0.269755	0.149261	0.112543	-0.020896	-0.003425	0.015597	0.001242	0.230661	-0.021084	-0.001749	-0.020675	0.003024	0.276179	0.133663	0.129018	-0.011610	
-0.015753	0.010524	-0.017440	0.007940	0.000834	-0.004223	-0.008426	0.024717	0.422229	0.039831	0.598998	-0.000231	0.069312	0.413313	-0.154401	0.381369	0.275457	0.066570	0.010035	0.006239	0.185877	
0.296936	-0.187067	0.320561	-0.144000	-0.185261	0.397343	-0.386364	-0.376819	0.080118	0.010096	0.002282	0.011613	-0.428498	0.053466	-0.036270	0.008207	-0.007396	-0.201259	0.129269	-0.134451	-0.002556	
0.301354	0.476385	-0.239128	-0.541656	-0.229709	-0.268363	-0.161304	-0.112025	0.009349	0.023271	-0.003254	0.004520	0.233070	0.049108	0.003771	-0.052496	-0.001448	-0.270901	0.134337	0.128774	-0.011624	
-0.033329	-0.052290	0.027530	0.058974	-0.038838	-0.043171	-0.006897	0.055505	0.551301	0.605313	0.038984	0.121386	0.049530	-0.226008	0.073224	-0.369481	-0.253613	-0.066151	0.010250	0.006182	0.185951	
0.187953	0.294777	-0.142992	-0.318764	0.178005	0.379237	0.400975	0.387367	0.048108	0.073905	0.007376	-0.011756	-0.428425	-0.026816	-0.035951	-0.005470	-0.031027	0.200600	0.128777	-0.134272	-0.002541	
0.303644	0.481176	0.237679	0.540588	0.228291	0.266800	0.160901	-0.113936	-0.009169	-0.003619	0.004880	-0.000361	0.231298	0.056625	-0.001078	-0.040303	-0.002061	-0.268616	0.134334	0.128775	-0.011624	
0.023459	0.036802	0.019460	0.040832	-0.046690	-0.052406	-0.012621	-0.050822	-0.547595	0.609073	0.043294	0.121636	-0.056111	0.223535	0.073738	0.363384	-0.265498	0.071220	0.010064	0.006251	0.185950	
-0.188743	-0.296751	-0.141622	-0.317079	0.177943	0.379230	0.400634	-0.387570	-0.048100	0.073833	0.008284	-0.011570	0.428566	0.027051	-0.035883	0.004722	-0.028491	-0.200597	0.129267	-0.134452	-0.002553	
0.000238	0.001023	0.000177	0.000031	-0.001545	0.000036	0.001593	0.006500	0.130090	-0.005633	-0.000134	0.013908	0.000466	-0.710181	-0.004836	0.654496	-0.012400	-0.123181	0.134139	0.128849	-0.011624	
-0.000022	0.000027	0.011089	0.001890	-0.096346	0.000104	0.096369	-0.000298	-0.002757	-0.319976	0.032261	0.864094	-0.000427	0.011701	-0.189835	-0.014295	-0.245183	0.000443	0.010159	0.006216	0.185948	
-0.000008	0.000014	0.003824	0.000084	-0.026736	0.008468	0.032704	-0.000039	0.000130	-0.017422	0.064603	0.274998	-0.000020	-0.001701	0.873281	0.005520	0.347370	0.002728	0.128994	-0.134370	-0.002597	

step=15

-0.279049	0.171001	-0.001265	0.000396	-0.000097	0.000159	0.000132	-0.422826	-0.053999	0.001976	-0.008614	0.000376	-0.133729	-0.004319	-0.002865	-0.097864	0.006074	0.519510	0.303445	-0.561787	-0.077548	
0.004626	-0.002832	0.004660	-0.001993	-0.002933	0.004751	0.015646	0.007010	0.002512	0.083207	-0.506058	0.023607	0.002607	0.001405	-0.173647	0.006618	0.540827	-0.004650	-0.136227	-0.157508	0.608235	
0.000718	-0.000678	-0.215902	0.067203	0.567816	-0.215445	-0.382750	0.000042	0.000025	-0.001050	-0.023222	0.080445	-0.000047	0.000373	-0.107576	-0.000413	-0.041428	-0.000657	0.550338	0.270259	0.193202	
-0.172769	-0.277472	0.000159	-0.000089	0.000922	0.000408	-0.000486	0.421191	0.077468	-0.006353	0.002326	-0.005626	-0.134488	0.198113	0.005417	-0.044779	-0.004212	-0.487330	0.302615	-0.561435	-0.077558	
0.002839	0.004510	-0.016622	-0.031276	0.055485	0.028998	-0.035839	-0.007221	-0.002009	-0.363339	0.125843	-0.345606	0.001750	-0.004543	0.280571	-0.003505	-0.483965	0.004689	-0.136152	-0.157429	0.608145	
0.000063	0.000430	0.105920	0.197596	-0.555224	-0.237072	0.363749	-0.000149	-0.000140	-0.045078	-0.002847	-0.160489	-0.000032	0.000376	-0.103821	-0.000372	-0.033643	-0.000634	0.550337	0.270258	0.193202	
0.484450	-0.300813	-0.542927	0.232988	-0.231824	0.269346	-0.147016	0.111761	0.036630	0.004347	0.004498	-0.001371	0.228062	-0.034323	-0.003655	-0.033602	0.003031	0.273627	0.088042	-0.162850	-0.022472	
-0.000099	-0.000516	0.000544	-0.000260	0.008361	-0.013095	-0.004206	-0.029033	0.410633	0.040317	0.599792	-0.000373	-0.080862	-0.411697	-0.156541	-0.381925	0.287543	-0.071366	-0.039543	-0.045625	0.176284	
-0.301237	0.185665	0.320942	-0.135474	-0.189309	0.397411	-0.383658	0.376939	0.084379	0.008435	0.002578	0.012545	0.428244	-0.053457	-0.036997	-0.009041	-0.009774	0.201189	0.159657	0.078253	0.055993	
0.480279	-0.297211	0.547316	-0.234339	0.232052	-0.269745	0.146910	0.112440	0.022866	-0.003613	0.015795	0.001318	0.230527	-0.020662	-0.001702	-0.020858	0.002894	0.275883	0.088044	-0.162852	-0.022472	
-0.015889	0.010410	-0.017658	0.007537	0.000796	-0.004109	-0.008973	0.025445	-0.415387	0.041604	0.598302	-0.000588	0.072818	0.412950	-0.153734	0.386931	0.279298	0.066183	-0.039434	-0.045687	0.176275	
0.298952	-0.183655	0.323876	-0.136400	-0.189421	0.397642	-0.383953	-0.376467	-0.084425	0.010031	0.001780	0.012576	-0.428088	0.053738	-0.036581	0.008884	-0.007048	-0.201458	0.159320	0.078392	0.055988	
0.296214	0.480415	-0.225965	-0.546433	-0.230859	-0.268435	-0.159620	-0.111806	-0.008744	0.023947	-0.003419	0.004879	0.232936	0.049605	0.003871	-0.053494	-0.001685	-0.271213	0.087593	-0.162659	-0.022477	
-0.034008	-0.054755	0.027137	0.061784	-0.040686	-0.045058	-0.007351	0.059229	-0.550896	0.606606	0.038533	0.125833	0.053338	-0.210877	0.065492	-0.372485	-0.256704	-0.065773	-0.039503	-0.045583	0.176236	
0.184604	0.296978	-0.135158	-0.321454	0.181512	0.378529	0.399390	0.388103	-0.050368	0.077489	0.007338	-0.011646	-0.427928	-0.026030	-0.037282	-0.004842	-0.031306	0.200214	0.159653	0.078252	0.055990	
0.297879	0.483940	0.225205	0.546687	0.229402	0.266845	0.159236	-0.113754	0.009739	-0.004382	0.004984	-0.000582	0.230988	0.056625	-0.001253	-0.041146	-0.002356	-0.268927	0.087595	-0.162660	-0.022477	
0.024266	0.039047	0.019553	0.043582	-0.048588	-0.054327	-0.013012	-0.054609	0.552250	0.605982	0.042659	0.125961	-0.059836	0.208152	0.066667	0.369290	-0.264258	0.070782	-0.039395	-0.045645	0.176228	
-0.185002	-0.298145	-0.134216	-0.320522	0.181500	0.378614	0.399154	-0.388172	0.051008	0.076947	0.008136	-0.011476	0.428018	0.026383	-0.037140	0.004428	-0.028662	-0.200850	0.159327	0.078394	0.055987	
0.000229	0.001057	0.000188	0.000037	-0.001623	0.000040	0.001707	0.007002	-0.141475	-0.005195	-0.000160	0.013873	0.003000	-0.719957	-0.006068	0.641224	-0.008464	-0.124132	0.087710	-0.162723	-0.022484	
-0.000028	0.000021	0.011699	0.002154	-0.101220	0.000134	0.103221	-0.000304	0.001666	-0.327881	0.032692	0.860261	-0.000489	0.012302	-0.190836	-0.012525	-0.242714	0.000477	-0.039451	-0.045615	0.176234	
-0.000009	0.000012	0.004062	0.000130	-0.027729	0.009273	0.034635	-0.000036	-0.000198	-0.013729	0.070121	0.274203	-0.000004	-0.003216	0.877440	0.003370	0.336169	0.002347	0.159471	0.078293	0.056021	

step=16

-0.281043	0.167760	-0.001277	0.000420	-0.000076	0.000171	0.000178	-0.422125	-0.057224	0.002279	0.000397	0.008638	-0.133461	-0.002370	0.002705	-0.098209	0.005785	0.519956	0.431660	-0.269635	0.392981	
0.004657	-0.002777	0.004688	-0.001897	-0.002167	0.004783	0.015686	0.007012	0.002964	0.081101	0.024697	0.506954	0.002542	0.001979	0.164265	0.004602	0.543339	-0.004744	-0.046232	0.503817	0.396486	
0.000754	-0.000640	-0.216866	0.062188	0.563758	-0.214666	-0.388037	0.000001	0.000001	-0.003574	0.086740	0.023762	-0.000040	0.000830	0.107813	-0.000254	-0.040718	-0.000374	-0.474160	-0.294499	0.318876	
-0.169521	-0.279483	-0.000021	-0.000485	0.000938	0.000401	-0.000560	0.420275	0.082791	-0.006762	-0.005666	-0.002404	-0.135398	0.198310	-0.006160	-0.039708	-0.004380	-0.487103	0.431526	-0.269500	0.392649	
0.002804	0.004581	-0.016594	-0.033012	0.057227	0.030038	-0.037292	-0.007183	-0.004303	-0.358491	-0.347716	-0.127553	0.001773	-0.005620	-0.276266	-0.001757	-0.487443	0.004550	-0.046251	0.503833	0.396620	
-0.000058	0.000167	0.100367	0.199721	-0.550490	-0.237872	0.367996	-0.000131	-0.000441	-0.045571	-0.167222	0.003693	-0.000018	0.000808	0.103576	-0.000247	-0.031207	-0.000341	-0.474159	-0.294499	0.318875	
0.488015	-0.295165	-0.548541	0.219589	-0.233130	0.269318	-0.144623	0.111604	0.038513	0.004177	-0.001461	-0.004209	0.227788	-0.033786	0.003895	-0.034102	0.002943	0.273627	0.125113	-0.078157	0.113927	
-0.000062	-0.000591	0.000503	-0.000232	0.008365	-0.012997	-0.004786	-0.029785	0.403629	0.037604	-0.000715	-0.598770	-0.084213	-0.410883	0.158884	-0.390261	0.287740	-0.071006	-0.013405	0.146016	0.114865	
-0.303341	0.182078	0.324149	-0.127540	-0.193635	0.397677	-0.381203	0.376492	0.089004	0.007350	0.013462	-0.001991	0.427787	-0.053443	0.037664	-0.009739	-0.009539	0.201125	-0.137386	-0.085373	0.092477	
0.483699	-0.291621	0.552965	-0.221031	0.233354	-0.269713	0.144475	0.112332	0.024928	-0.003851	0.001398	-0.015993	0.230376	-0.020141	0.001704	-0.021117	0.002853	0.275873	0.125113	-0.078158	0.113928	
-0.016032	0.010295	-0.017879	0.007119	0.000750	-0.003987	-0.009499	0.026145	-0.407738	0.044095	-0.000960	-0.597488	0.076309	0.413329	0.152687	0.393133	0.282362	0.065817	-0.013386	0.145996	0.114908	
0.300971	-0.180107	0.327108	-0.128514	-0.193733	0.397917	-0.381420	-0.376091	-0.088903	0.010055	0.013491	-0.001268	-0.427640	0.054026	0.036794	0.009634	-0.006751	-0.201233	-0.137440	-0.085320	0.092344	
0.290866	0.484486	-0.212353	-0.551012	-0.232025	-0.268539	-0.157861	-0.111576	-0.007956	0.024635	0.005243	0.003581	0.232762	0.050264	-0.004090	-0.054474	-0.001789	-0.271240	0.125041	-0.078084	0.113748	
-0.034653	-0.057315	0.026610	0.064681	-0.042540	-0.047005	-0.007958	0.063102	-0.549209	0.609060	0.129912	-0.038029	0.057447	-0.194741	-0.057020	-0.375755	-0.258802	-0.065511	-0.013415	0.146023	0.114936	
0.181123	0.299183	-0.127064	-0.324016	0.185108	0.377819	0.397662	0.388898	-0.052594	0.081346	-0.011508	-0.007226	-0.427356	-0.025217	0.038777	-0.004247	-0.031595	0.200224	-0.137387	-0.085374	0.092481	
0.291923	0.486723	0.212211	0.552637	0.230526	0.266918	0.157499	-0.113567	0.010415	-0.005167	-0.000817	-0.005078	0.230633	0.056764	0.001290	-0.041979	-0.002568	-0.268948	0.125041	-0.078084	0.113748	
0.025037	0.041369	0.019526	0.046436	-0.050493	-0.056305	-0.013544	-0.058571	0.558104	0.601720	0.129944	-0.041965	-0.063875	0.191523	-0.059680	0.374376	-0.263519	0.070411	-0.013396	0.146005	0.114979	
-0.181143	-0.299534	-0.126508	-0.323866	0.185140	0.377989	0.397552	-0.388824	0.054267	0.080061	-0.011351	-0.007902	0.427402	0.025886	0.038441	0.004036	-0.028895	-0.200688	-0.137439	-0.085318	0.092346	
0.000220	0.001092	0.000198	0.000043	-0.001701	0.000043	0.001824	0.007590	-0.154122	-0.004328	0.013817	0.000191	0.006177	-0.729217	0.009128	0.627580	-0.005984	-0.124543	0.125060	-0.078104	0.113794	
-0.000034	0.000014	0.012322	0.002456	-0.106074	0.000141	0.110339	-0.000301	-0.000169	-0.335314	0.856438	-0.032915	-0.000556	0.013335	0.191607	-0.011291	-0.240161	0.000479	-0.013406	0.146014	0.114954	
-0.000011	0.000011	0.004310	0.000186	-0.028665	0.010135	0.036563	-0.000031	-0.000256	-0.009233	0.273617	-0.076348	0.000016	-0.006905	-0.881101	0.002058	0.325338	0.002349	-0.137406	-0.085352	0.092370	

step=17

-0.283033	0.164433	-0.001281	0.000444	-0.000051	0.000184	0.000226	-0.421359	-0.060553	0.002842	0.000417	0.008661	-0.133174	0.000269	0.002529	-0.098632	0.005680	0.520243	0.630150	0.127718	-0.001468	
0.004688	-0.002721	0.004717	-0.001799	-0.001359	0.004825	0.015665	0.007014	0.003692	0.078834	0.025656	0.507929	0.002466	-0.005782	0.154567	0.003260	0.545486	-0.004825	-0.005595	0.034938	0.641853	
0.000785	-0.000597	-0.217717	0.057090	0.559505	-0.213854	-0.393389	-0.000038	-0.000082	-0.006414	0.093021	0.024366	-0.000039	-0.003592	0.107972	-0.000153	-0.040151	-0.000227	-0.127616	0.629047	-0.035331	
-0.166190	-0.281487	-0.000194	-0.000922	0.000949	0.000393	-0.000635	0.419267	0.088483	-0.007577	-0.005698	-0.002489	-0.136525	-0.197852	-0.011133	-0.034414	-0.004686	-0.487071	0.629889	0.127742	-0.001472	
0.002770	0.004661	-0.016496	-0.034805	0.058906	0.031101	-0.038668	-0.007136	-0.007914	-0.353574	-0.349500	-0.129564	0.001810	0.012476	-0.272088	-0.000626	-0.490952	0.004714	-0.005572	0.034902	0.641867	
-0.000180	-0.000117	0.094667	0.201715	-0.545549	-0.238704	0.372341	-0.000113	-0.000924	-0.046006	-0.173973	0.004654	-0.000008	-0.003439	0.103075	-0.000177	-0.028856	-0.000188	-0.127616	0.629046	-0.035331	
0.491566	-0.289362	-0.553926	0.205832	-0.234469	0.269268	-0.142163	0.111431	0.040481	0.003813	-0.001555	-0.003910	0.227498	0.033049	0.004857	-0.034661	0.002949	0.273568	0.182652	0.037010	-0.000425	
-0.000021	-0.000671	0.000457	-0.000206	0.008366	-0.012889	-0.005337	-0.030506	0.395940	0.033429	-0.001075	-0.597592	-0.087452	0.406931	0.170672	-0.398308	0.288235	-0.070714	-0.001635	0.010128	0.186003	
-0.305429	0.178395	0.327217	-0.119397	-0.198092	0.397915	-0.378650	0.375992	0.093813	0.005724	0.014323	-0.001371	0.427296	0.052481	0.039500	-0.010519	-0.009278	0.201007	-0.036930	0.182295	-0.010238	
0.487128	-0.285899	0.558360	-0.207365	0.234685	-0.269653	0.141972	0.112215	0.027071	-0.004198	0.001481	-0.016190	0.230211	0.019460	0.002122	-0.021429	0.002889	0.275807	0.182653	0.037010	-0.000425	
-0.016182	0.010181	-0.018099	0.006689	0.000696	-0.003857	-0.009998	0.026809	-0.399078	0.048008	-0.001339	-0.596525	0.079699	-0.417312	0.143499	0.399756	0.284827	0.065458	-0.001614	0.010131	0.186016	
0.302989	-0.176477	0.330187	-0.120419	-0.198166	0.398157	-0.378780	-0.375675	-0.093522	0.010351	0.014352	-0.000741	-0.427171	-0.054983	0.035876	0.010441	-0.006557	-0.201038	-0.037038	0.182304	-0.010240	
0.285381	0.488607	-0.198408	-0.555268	-0.233198	-0.268677	-0.156037	-0.111344	-0.006929	0.025338	0.005611	0.003739	0.232540	-0.051031	-0.005398	-0.055477	-0.001911	-0.271318	0.182511	0.037023	-0.000428	
-0.035265	-0.059971	0.025953	0.067645	-0.044389	-0.049011	-0.008743	0.067131	-0.545066	0.613665	0.133633	-0.037407	0.061847	0.178283	-0.044523	-0.379058	-0.260359	-0.065173	-0.001623	0.010109	0.186011	
0.177556	0.301399	-0.118778	-0.326378	0.188763	0.377106	0.395791	0.389761	-0.054587	0.085590	-0.011330	-0.007019	-0.426707	0.023642	0.040906	-0.003627	-0.031873	0.200188	-0.036931	0.182294	-0.010238	
0.285812	0.489436	0.198857	0.558401	0.231662	0.267025	0.155691	-0.113374	0.011187	-0.005997	-0.001069	-0.005160	0.230217	-0.057090	0.000109	-0.042844	-0.002841	-0.269021	0.182512	0.037022	-0.000428	
0.025773	0.043760	0.019381	0.049388	-0.052389	-0.058337	-0.014243	-0.062723	0.566181	0.595216	0.133594	-0.041134	-0.068223	-0.172564	-0.055852	0.378829	-0.263128	0.070216	-0.001601	0.010112	0.186022	
-0.177189	-0.300861	-0.118594	-0.327091	0.188852	0.377367	0.395815	-0.389535	0.058031	0.083050	-0.011190	-0.007557	0.426697	-0.026362	0.039319	0.003539	-0.029241	-0.200548	-0.037035	0.182304	-0.010240	
0.000210	0.001128	0.000209	0.000050	-0.001778	0.000046	0.001945	0.008282	-0.168187	-0.002619	0.013755	0.000226	0.010151	0.737401	0.028004	0.613593	-0.004448	-0.124840	0.182535	0.037025	-0.000418	
-0.000041	0.000006	0.012951	0.002792	-0.110858	0.000125	0.117697	-0.000290	-0.003406	-0.342293	0.852651	-0.032938	-0.000628	-0.018430	0.191721	-0.010389	-0.237690	0.000586	-0.001613	0.010111	0.186016	
-0.000014	0.000009	0.004565	0.000249	-0.029516	0.011063	0.038457	-0.000025	-0.000266	-0.003834	0.273179	-0.083449	0.000043	0.029484	-0.883842	0.001243	0.314861	0.002225	-0.036989	0.182311	-0.010244	

step=18

-0.285013	0.161030	-0.001297	0.000468	-0.000032	0.000198	0.000258	-0.420517	0.000434	-0.063949	0.004015	-0.008683	-0.132848	0.002383	-0.001717	-0.099103	0.005702	-0.520498	0.502922	-0.350021	0.194793	
0.004719	-0.002663	0.004747	-0.001701	-0.000510	0.004878	0.015573	0.007014	0.026521	0.005033	0.076350	-0.508994	0.002379	0.144705	0.002881	0.002396	0.547555	0.005016	0.017073	0.331007	0.550761	
0.000818	-0.000560	-0.218438	0.051961	0.555081	-0.212984	-0.398779	-0.000073	0.099252	-0.000315	-0.009627	-0.025056	-0.000040	0.108185	0.002587	-0.000069	-0.039583	-0.000452	-0.400583	-0.425328	0.268071	
-0.162784	-0.283475	-0.000341	-0.001365	0.000965	0.000390	-0.000691	0.418153	-0.005726	0.094535	-0.009332	0.002583	-0.137922	0.000251	-0.197379	-0.028984	-0.004942	0.487122	0.502045	-0.350654	0.195151	
0.002736	0.004744	-0.016328	-0.036646	0.060502	0.032188	-0.039932	-0.007082	-0.351033	-0.014448	-0.348416	0.131935	0.001862	-0.268715	-0.003069	0.000122	-0.494237	-0.004820	0.017111	0.331065	0.550794	
-0.000295	-0.000399	0.088878	0.203549	-0.540423	-0.239595	0.376748	-0.000099	-0.180695	-0.001813	-0.046328	-0.005750	-0.000002	0.102436	0.002439	-0.000121	-0.026448	-0.000497	-0.400584	-0.425329	0.268071	
0.495111	-0.283444	-0.558984	0.191854	-0.235832	0.269187	-0.139629	0.111262	-0.001650	0.042534	0.003020	0.003599	0.227212	0.003122	0.032521	-0.035255	0.003002	-0.273481	0.145854	-0.101360	0.056408	
0.000025	-0.000755	0.000406	-0.000181	0.008363	-0.012770	-0.005858	-0.031186	-0.001442	0.387539	0.026062	0.596219	-0.090455	0.149317	0.416878	-0.406174	0.288978	0.070461	0.004882	0.095875	0.159633	
-0.307506	0.174640	0.330089	-0.111128	-0.202651	0.398122	-0.375968	0.375469	0.015130	0.098776	0.002993	0.000710	0.426800	0.036964	0.054535	-0.011349	-0.008996	-0.201021	-0.115916	-0.123135	0.077616	
0.490532	-0.280039	0.563464	-0.193479	0.236048	-0.269573	0.139409	0.112077	0.001566	0.029257	-0.004816	0.016386	0.230033	0.000957	0.018761	-0.021773	0.002961	-0.275710	0.145856	-0.101359	0.056407	
-0.016337	0.010069	-0.018315	0.006251	0.000636	-0.003718	-0.010467	0.027432	-0.001716	-0.389010	0.055058	0.595363	0.082870	0.169435	-0.409071	0.406688	0.286910	-0.065063	0.005005	0.095964	0.159584	
0.304984	-0.172760	0.333090	-0.112199	-0.202719	0.398385	-0.376049	-0.375194	0.015158	-0.098199	0.011422	0.000191	-0.426679	0.039471	-0.052683	0.011291	-0.006376	0.200659	-0.116263	-0.123388	0.077759	
0.279747	0.492702	-0.184300	-0.559194	-0.234369	-0.268852	-0.154177	-0.111091	0.005987	-0.005528	0.026062	-0.003894	0.232246	-0.002430	-0.052411	-0.056535	-0.001978	0.271415	0.145381	-0.101702	0.056602	
-0.035841	-0.062716	0.025175	0.070671	-0.046213	-0.051074	-0.009756	0.071335	0.137061	-0.535396	0.622910	0.036625	0.066513	-0.045639	0.156695	-0.382237	-0.261437	0.064859	0.004902	0.095907	0.159650	
0.173897	0.303577	-0.110403	-0.328536	0.192460	0.376389	0.393810	0.390664	-0.011112	-0.055833	0.090527	0.006691	-0.425962	0.041155	0.025638	-0.002934	-0.032148	-0.200301	-0.115916	-0.123135	0.077618	
0.279589	0.492127	0.185249	0.563856	0.232790	0.267161	0.153831	-0.113189	-0.001338	0.012011	-0.006938	0.005226	0.229731	0.003668	-0.057506	-0.043776	-0.003102	0.269113	0.145382	-0.101700	0.056600	
0.026473	0.046225	0.019117	0.052426	-0.054257	-0.060419	-0.015162	-0.067071	0.136975	0.579135	0.583604	0.040140	-0.072851	-0.037785	-0.156254	0.382737	-0.262880	-0.070029	0.005024	0.095994	0.159601	
-0.173166	-0.302155	-0.110536	-0.330122	0.192588	0.376725	0.393936	-0.390333	-0.010986	0.062720	0.085576	0.007075	0.425909	0.042434	-0.023665	0.002926	-0.029612	0.200249	-0.116265	-0.123385	0.077759	
0.000200	0.001164	0.000220	0.000057	-0.001854	0.000049	0.002070	0.009100	0.013696	-0.183815	0.001021	-0.000266	0.015116	-0.014408	0.745639	0.599307	-0.003482	0.125068	0.145511	-0.101610	0.056549	
-0.000047	-0.000002	0.013576	0.003155	-0.115537	0.000081	0.125296	-0.000274	0.848888	-0.009777	-0.348837	0.032741	-0.000713	0.192580	-0.007597	-0.009704	-0.235245	-0.000674	0.004960	0.095948	0.159626	
-0.000016	0.000007	0.004824	0.000318	-0.030258	0.012063	0.040285	-0.000020	0.272837	-0.000122	0.002563	0.091634	0.000079	-0.886787	-0.021174	0.000749	0.304785	-0.002247	-0.116099	-0.123277	0.077676	

step=19

-0.286970	0.157566	-0.001310	0.000491	-0.000007	0.000208	0.000295	-0.419601	0.000450	-0.067230	0.007246	-0.008704	-0.132517	0.002200	-0.003957	-0.099537	-0.005778	-0.520670	0.327886	0.519144	-0.190963	
0.004751	-0.002605	0.004778	-0.001603	0.000380	0.004940	0.015400	0.007013	0.027325	0.008393	0.073428	-0.510163	0.002276	0.134298	0.000835	0.001817	-0.549412	0.005171	-0.040847	0.244048	0.593300	
0.000848	-0.000523	-0.219026	0.046849	0.550515	-0.212072	-0.404145	-0.000105	0.105399	-0.001076	-0.013269	-0.025859	-0.000044	0.108350	0.001102	-0.000028	0.039058	0.000395	0.551536	-0.290303	0.157376	
-0.159321	-0.285435	-0.000467	-0.001826	0.000974	0.000389	-0.000754	0.416923	-0.005752	0.100676	-0.014243	0.002687	-0.139634	-0.002407	-0.195919	-0.023464	0.005192	0.487311	0.327486	0.518947	-0.190906	
0.002703	0.004833	-0.016088	-0.038525	0.061992	0.033296	-0.041040	-0.007022	-0.352386	-0.030667	-0.342230	0.134756	0.001931	-0.265370	0.000604	0.000596	0.497450	-0.004999	-0.040842	0.244028	0.593312	
-0.000404	-0.000688	0.083052	0.205205	-0.535155	-0.240533	0.381189	-0.000077	-0.187343	-0.004040	-0.046380	-0.007008	0.000005	0.101550	0.001022	-0.000100	0.024021	0.000345	0.551537	-0.290302	0.157376	
0.498613	-0.277424	-0.563687	0.177778	-0.237216	0.269088	-0.137058	0.111068	-0.001746	0.044646	0.000839	0.003271	0.226921	0.003750	0.031542	-0.035843	-0.003077	-0.273357	0.095071	0.150473	-0.055348	
0.000075	-0.000844	0.000350	-0.000160	0.008358	-0.012640	-0.006344	-0.031817	-0.001809	0.378381	0.008164	0.594592	-0.093050	0.158276	0.416228	-0.413954	-0.289820	0.070154	-0.011870	0.070711	0.171943	
-0.309550	0.170820	0.332748	-0.102806	-0.207288	0.398314	-0.373213	0.374873	0.015886	0.103710	-0.003101	-0.000009	0.426295	0.038287	0.053654	-0.012210	0.008713	-0.200574	0.159917	-0.084092	0.045597	
0.493906	-0.274080	0.568211	-0.179493	0.237422	-0.269461	0.136798	0.111937	0.001651	0.031331	-0.006393	0.016579	0.229850	0.001170	0.017759	-0.022107	-0.003047	-0.275579	0.095073	0.150474	-0.055348	
-0.016496	0.009959	-0.018527	0.005809	0.000570	-0.003569	-0.010900	0.028004	-0.002086	-0.375870	0.072517	0.593934	0.085654	0.167178	-0.412632	0.413843	-0.288681	-0.064630	-0.011806	0.070746	0.171935	
0.306955	-0.168983	0.335780	-0.103924	-0.207333	0.398571	-0.373216	-0.374675	0.015912	-0.102585	0.015427	-0.000394	-0.426201	0.039295	-0.052825	0.012153	0.006215	0.200716	0.159755	-0.084170	0.045619	
0.274002	0.496775	-0.170139	-0.562723	-0.235523	-0.269065	-0.152295	-0.110834	0.006372	-0.003202	0.026822	-0.004046	0.231866	-0.003106	-0.053854	-0.057670	0.002008	0.271537	0.094854	0.150367	-0.055318	
-0.036379	-0.065549	0.024280	0.073744	-0.047991	-0.053193	-0.011065	0.075721	0.140263	-0.506955	0.646861	0.035630	0.071381	-0.034190	0.136917	-0.385189	0.262188	0.064488	-0.011868	0.070701	0.171949	
0.170168	0.305722	-0.102002	-0.330451	0.196155	0.375667	0.391695	0.391643	-0.010847	-0.054189	0.097317	0.006212	-0.425126	0.043332	0.025011	-0.002142	0.032438	-0.199960	0.159916	-0.084092	0.045597	
0.273272	0.494751	0.171518	0.568977	0.233906	0.267331	0.151939	-0.113000	-0.001626	0.012691	-0.008269	0.005275	0.229153	0.003175	-0.058345	-0.044799	0.003367	0.269234	0.094856	0.150366	-0.055318	
0.027135	0.048760	0.018737	0.055542	-0.056072	-0.062551	-0.016371	-0.071628	0.140153	0.607887	0.554395	0.038924	-0.077695	-0.031045	-0.135100	0.386135	0.262715	-0.069841	-0.011804	0.070735	0.171940	
-0.169086	-0.303388	-0.102414	-0.332948	0.196331	0.376073	0.391932	-0.391198	-0.010739	0.070107	0.086138	0.006422	0.425027	0.043956	-0.024126	0.002169	0.030013	0.200381	0.159758	-0.084171	0.045620	
0.000189	0.001202	0.000230	0.000065	-0.001927	0.000050	0.002197	0.010073	0.013646	-0.200878	0.011149	-0.000313	0.021299	-0.004273	0.752600	0.584762	0.002883	0.125300	0.094920	0.150401	-0.055327	
-0.000055	-0.000012	0.014187	0.003533	-0.120090	0.000014	0.133153	-0.000250	0.845138	-0.026584	-0.354406	0.032306	-0.000808	0.192062	-0.010376	-0.009171	0.232886	-0.000778	-0.011837	0.070718	0.171945	
-0.000018	0.000005	0.005082	0.000387	-0.030869	0.013146	0.042010	-0.000015	0.272545	0.000607	0.010044	0.101181	0.000127	-0.889149	-0.009041	0.000436	-0.295104	-0.001830	0.159839	-0.084124	0.045605	

step=20

-0.288908	0.154034	-0.001337	0.000514	0.000017	0.000215	0.000339	-0.418593	0.000464	-0.064700	0.029817	-0.008723	-0.132204	0.002006	-0.006228	-0.099917	0.005946	-0.521156	-0.180708	0.616511	0.023398	
0.004782	-0.002546	0.004809	-0.001507	0.001315	0.005014	0.015135	0.007009	0.028091	0.030381	0.064244	-0.511447	0.002157	0.123161	0.000349	0.001449	0.551142	0.005375	-0.009582	-0.027192	0.642207	
0.000881	-0.000493	-0.219478	0.041806	0.545832	-0.211156	-0.409430	-0.000147	0.111420	-0.006969	-0.016101	-0.026811	-0.000043	0.108430	0.000739	0.000005	-0.038659	0.000323	0.616817	0.180243	0.016844	
-0.155791	-0.287370	-0.000560	-0.002274	0.000984	0.000393	-0.000818	0.415558	-0.005778	0.097462	-0.048628	0.002802	-0.141694	-0.003011	-0.193687	-0.017866	-0.005397	0.487251	-0.180834	0.616390	0.023389	
0.002668	0.004924	-0.015781	-0.040432	0.063355	0.034417	-0.041944	-0.006956	-0.353610	-0.137027	-0.309261	0.138140	0.002019	-0.262236	0.001462	0.000872	-0.500524	-0.005159	-0.009607	-0.027177	0.642169	
-0.000502	-0.000962	0.077254	0.206667	-0.529792	-0.241484	0.385650	-0.000043	-0.193867	-0.018730	-0.042588	-0.008463	0.000016	0.100379	0.000676	-0.000081	-0.021660	0.000268	0.616816	0.180243	0.016845	
0.502097	-0.271304	-0.567970	0.163754	-0.238598	0.268965	-0.134473	0.110853	-0.001843	0.044401	-0.014391	0.002924	0.226645	0.004064	0.030363	-0.036418	0.003185	-0.273309	-0.052355	0.178681	0.006782	
0.000131	-0.000938	0.000289	-0.000141	0.008350	-0.012497	-0.006788	-0.032393	-0.002166	0.350626	-0.109751	0.592620	-0.095026	0.164216	0.417820	-0.421677	0.290732	0.069820	-0.002783	-0.007892	0.186115	
-0.311576	0.166939	0.335157	-0.094520	-0.211952	0.398467	-0.370408	0.374198	0.016589	0.101359	-0.039407	-0.000805	0.425828	0.039092	0.052817	-0.013087	-0.008452	-0.200378	0.178780	0.052258	0.004883	
0.497237	-0.267991	0.572582	-0.165555	0.238795	-0.269323	0.134169	0.111779	0.001738	0.029824	-0.017038	0.016767	0.229662	0.001199	0.016512	-0.022425	0.003158	-0.275524	-0.052356	0.178682	0.006782	
-0.016661	0.009850	-0.018733	0.005366	0.000499	-0.003412	-0.011293	0.028522	-0.002443	-0.322353	0.184845	0.592150	0.087843	0.170499	-0.415145	0.421170	0.290218	-0.064135	-0.002765	-0.007872	0.186122	
0.308893	-0.165125	0.338248	-0.095682	-0.211975	0.398713	-0.370320	-0.374097	0.016615	-0.097313	0.048381	-0.001029	-0.425759	0.039714	-0.052223	0.013028	-0.006095	0.200490	0.178734	0.052210	0.004880	
0.268108	0.500779	-0.156096	-0.565869	-0.236662	-0.269314	-0.150394	-0.110576	0.006768	0.006885	0.026514	-0.004194	0.231372	-0.003227	-0.055733	-0.058877	-0.001992	0.271566	-0.052425	0.178615	0.006776	
-0.036871	-0.068465	0.023286	0.076858	-0.049695	-0.055361	-0.012746	0.080316	0.143284	-0.273781	0.775165	0.034356	0.076353	-0.023877	0.114941	-0.387820	-0.262648	0.064090	-0.002796	-0.007885	0.186095	
0.166348	0.307801	-0.093679	-0.332132	0.199843	0.374956	0.389423	0.392710	-0.010535	-0.021166	0.114633	0.005538	-0.424184	0.045433	0.025177	-0.001233	-0.032766	-0.199865	0.178782	0.052260	0.004883	
0.266869	0.497368	0.157791	0.573672	0.235006	0.267533	0.150021	-0.112821	-0.001931	0.010187	-0.012986	0.005300	0.228463	0.003285	-0.059501	-0.045908	-0.003628	0.269264	-0.052424	0.178615	0.006776	
0.027757	0.051370	0.018245	0.058721	-0.057808	-0.064725	-0.017942	-0.076411	0.143165	0.754801	0.328089	0.037426	-0.082656	-0.021947	-0.112744	0.389026	-0.262560	-0.069628	-0.002778	-0.007864	0.186101	
-0.164953	-0.304595	-0.094300	-0.335509	0.200058	0.375420	0.389784	-0.392152	-0.010442	0.098525	0.061560	0.005552	0.424045	0.045926	-0.024534	0.001276	-0.030467	0.200225	0.178727	0.052210	0.004879	
0.000177	0.001240	0.000239	0.000073	-0.001997	0.000052	0.002327	0.011236	0.013603	-0.204348	0.082808	-0.000368	0.028975	-0.001849	0.758187	0.570026	-0.002525	0.125433	-0.052404	0.178637	0.006782	
-0.000062	-0.000021	0.014774	0.003912	-0.124494	-0.000066	0.141278	-0.000216	0.841404	-0.141296	-0.332891	0.031587	-0.000924	0.191012	-0.011118	-0.008744	-0.230606	-0.000875	-0.002787	-0.007875	0.186099	
-0.000021	0.000003	0.005337	0.000452	-0.031324	0.014325	0.043587	-0.000009	0.272265	0.007278	0.017347	0.112464	0.000189	-0.890686	-0.006120	0.000257	0.285804	-0.001678	0.178762	0.052232	0.004894	

