step=0

-0.000244	0.000002	-0.000017	-0.000036	-0.000009	0.000008	0.000610	0.000136	-0.000251	0.000601	-0.000170	0.000269	-0.000052	0.000428	-0.000072	-0.000065	-0.000403	0.000055	-0.000126	0.000032	0.000036	
0.000002	0.000094	-0.001042	-0.000008	-0.000631	0.000545	-0.000106	-0.000662	0.000282	0.000073	-0.000663	0.000287	0.000014	0.000681	-0.000520	0.000010	0.000694	-0.000526	0.000030	0.001803	0.002190	
-0.000017	-0.001042	0.006118	-0.000040	-0.002507	-0.007088	0.000018	-0.000234	0.000117	-0.000027	-0.000228	0.000126	0.000364	0.002052	-0.000019	-0.000298	0.002059	-0.000020	0.000137	0.008596	0.003154	
-0.000036	-0.000008	-0.000040	-0.000351	0.000083	0.000105	-0.000113	-0.000598	0.000092	-0.000089	0.000604	-0.000099	-0.000018	-0.005448	-0.000332	0.000350	0.005399	0.000179	0.001203	-0.000215	-0.000071	
-0.000009	-0.000631	-0.002507	0.000083	0.005523	0.005950	-0.000183	0.000114	-0.000193	0.000190	0.000092	-0.000185	-0.004944	-0.001959	-0.003455	0.004897	-0.002336	-0.003532	-0.000215	-0.012796	-0.004515	
0.000008	0.000545	-0.007088	0.000105	0.005950	0.007985	-0.000267	0.000453	-0.000067	0.000283	0.000453	-0.000068	-0.000754	-0.006055	-0.000467	0.000529	-0.006133	-0.000440	-0.000176	-0.011129	-0.002048	
0.000610	-0.000106	0.000018	-0.000113	-0.000183	-0.000267	-0.001548	0.000185	0.000464	-0.000396	0.000029	0.000006	0.000137	0.000014	-0.000008	0.000062	0.000052	0.000103	0.000036	0.000719	0.000275	
0.000136	-0.000662	-0.000234	-0.000598	0.000114	0.000453	0.000185	0.002378	-0.000734	-0.000030	-0.000600	-0.000060	0.000511	-0.001209	0.000432	0.000749	0.001452	-0.000138	0.000179	-0.000131	-0.000256	
-0.000251	0.000282	0.000117	0.000092	-0.000193	-0.000067	0.000464	-0.000734	0.000062	-0.000009	-0.000053	-0.000139	0.000001	-0.000206	-0.000028	0.000097	0.000719	-0.000018	-0.000016	-0.000034	-0.000041	
0.000601	0.000073	-0.000027	-0.000089	0.000190	0.000283	-0.000396	-0.000030	-0.000009	-0.001517	-0.000088	-0.000495	0.000038	-0.000006	-0.000107	0.000120	-0.000057	0.000022	0.000007	-0.000726	-0.000284	
-0.000170	-0.000663	-0.000228	0.000604	0.000092	0.000453	0.000029	-0.000600	-0.000053	-0.000088	0.002396	-0.000772	-0.000696	0.001474	-0.000136	-0.000558	-0.001194	0.000434	-0.000185	-0.000108	-0.000249	
0.000269	0.000287	0.000126	-0.000099	-0.000185	-0.000068	0.000006	-0.000060	-0.000139	-0.000495	-0.000772	0.000031	-0.000072	0.000718	-0.000017	-0.000008	-0.000206	-0.000027	0.000014	-0.000035	-0.000043	
-0.000052	0.000014	0.000364	-0.000018	-0.004944	-0.000754	0.000137	0.000511	0.000001	0.000038	-0.000696	-0.000072	0.000588	0.018801	0.001486	-0.000666	-0.001819	-0.000375	0.000112	0.000211	0.000295	
0.000428	0.000681	0.002052	-0.005448	-0.001959	-0.006055	0.000014	-0.001209	-0.000206	-0.000006	0.001474	0.000718	0.018801	-0.005963	0.011137	0.001878	0.001361	0.001827	-0.003366	0.008745	0.000337	
-0.000072	-0.000520	-0.000019	-0.000332	-0.003455	-0.000467	-0.000008	0.000432	-0.000028	-0.000107	-0.000136	-0.000017	0.001486	0.011137	0.001981	0.000437	0.001802	0.000066	-0.000446	0.000481	-0.000339	
-0.000065	0.000010	-0.000298	0.000350	0.004897	0.000529	0.000062	0.000749	0.000097	0.000120	-0.000558	-0.000008	-0.000666	0.001878	0.000437	-0.000743	-0.019065	-0.001022	0.000219	0.000065	-0.000289	
-0.000403	0.000694	0.002059	0.005399	-0.002336	-0.006133	0.000052	0.001452	0.000719	-0.000057	-0.001194	-0.000206	-0.001819	0.001361	0.001802	-0.019065	-0.004498	0.011450	0.003651	0.008542	0.000295	
0.000055	-0.000526	-0.000020	0.000179	-0.003532	-0.000440	0.000103	-0.000138	-0.000018	0.000022	0.000434	-0.000027	-0.000375	0.001827	0.000066	-0.001022	0.011450	0.001919	0.000460	0.000432	-0.000352	
-0.000126	0.000030	0.000137	0.001203	-0.000215	-0.000176	0.000036	0.000179	-0.000016	0.000007	-0.000185	0.000014	0.000112	-0.003366	-0.000446	0.000219	0.003651	0.000460	-0.004090	0.000360	0.000122	
0.000032	0.001803	0.008596	-0.000215	-0.012796	-0.011129	0.000719	-0.000131	-0.000034	-0.000726	-0.000108	-0.000035	0.000211	0.008745	0.000481	0.000065	0.008542	0.000432	0.000360	0.020884	0.007896	
0.000036	0.002190	0.003154	-0.000071	-0.004515	-0.002048	0.000275	-0.000256	-0.000041	-0.000284	-0.000249	-0.000043	0.000295	0.000337	-0.000339	-0.000289	0.000295	-0.000352	0.000122	0.007896	-0.003044	

step=1

0.000122	-0.000002	0.000008	0.000021	0.000005	-0.000004	-0.000312	-0.000073	0.000130	-0.000307	0.000093	-0.000137	0.000025	-0.000219	0.000037	0.000032	0.000206	-0.000028	0.000066	-0.000017	-0.000019	
-0.000002	-0.000057	0.000520	0.000004	0.000331	-0.000266	0.000050	0.000350	-0.000140	-0.000030	0.000350	-0.000142	-0.000008	-0.000352	0.000266	-0.000004	-0.000359	0.000269	-0.000016	-0.000935	-0.001133	
0.000008	0.000520	-0.003169	0.000021	0.001312	0.003669	-0.000013	0.000121	-0.000061	0.000016	0.000119	-0.000061	-0.000190	-0.001056	0.000011	0.000156	-0.001059	0.000011	-0.000071	-0.004448	-0.001630	
0.000021	0.000004	0.000021	0.000178	-0.000043	-0.000053	0.000057	0.000303	-0.000048	0.000045	-0.000306	0.000052	0.000013	0.002785	0.000175	-0.000173	-0.002758	-0.000103	-0.000635	0.000108	0.000035	
0.000005	0.000331	0.001312	-0.000043	-0.002791	-0.003055	0.000098	-0.000059	0.000098	-0.000101	-0.000048	0.000094	0.002533	0.001003	0.001759	-0.002507	0.001195	0.001797	0.000109	0.006397	0.002265	
-0.000004	-0.000266	0.003669	-0.000053	-0.003055	-0.004122	0.000141	-0.000229	0.000035	-0.000148	-0.000229	0.000035	0.000397	0.003097	0.000242	-0.000283	0.003136	0.000233	0.000090	0.005681	0.001015	
-0.000312	0.000050	-0.000013	0.000057	0.000098	0.000141	0.000797	-0.000079	-0.000248	0.000201	-0.000016	-0.000004	-0.000070	-0.000009	0.000004	-0.000031	-0.000028	-0.000052	-0.000018	-0.000377	-0.000144	
-0.000073	0.000350	0.000121	0.000303	-0.000059	-0.000229	-0.000079	-0.001237	0.000361	0.000017	0.000300	0.000029	-0.000259	0.000626	-0.000220	-0.000380	-0.000755	0.000073	-0.000092	0.000063	0.000129	
0.000130	-0.000140	-0.000061	-0.000048	0.000098	0.000035	-0.000248	0.000361	-0.000031	0.000005	0.000026	0.000070	-0.000001	0.000104	0.000015	-0.000048	-0.000364	0.000008	0.000009	0.000018	0.000021	
-0.000307	-0.000030	0.000016	0.000045	-0.000101	-0.000148	0.000201	0.000017	0.000005	0.000789	0.000021	0.000255	-0.000019	0.000005	0.000055	-0.000061	0.000031	-0.000012	-0.000003	0.000381	0.000149	
0.000093	0.000350	0.000119	-0.000306	-0.000048	-0.000229	-0.000016	0.000300	0.000026	0.000021	-0.001245	0.000377	0.000353	-0.000765	0.000071	0.000283	0.000618	-0.000221	0.000094	0.000050	0.000126	
-0.000137	-0.000142	-0.000061	0.000052	0.000094	0.000035	-0.000004	0.000029	0.000070	0.000255	0.000377	-0.000023	0.000035	-0.000364	0.000008	0.000004	0.000104	0.000014	-0.000008	0.000019	0.000022	
0.000025	-0.000008	-0.000190	0.000013	0.002533	0.000397	-0.000070	-0.000259	-0.000001	-0.000019	0.000353	0.000035	-0.000325	-0.009619	-0.000789	0.000337	0.000931	0.000193	-0.000058	-0.000117	-0.000155	
-0.000219	-0.000352	-0.001056	0.002785	0.001003	0.003097	-0.000009	0.000626	0.000104	0.000005	-0.000765	-0.000364	-0.009619	0.003052	-0.005690	-0.000961	-0.000697	-0.000935	0.001730	-0.004462	-0.000158	
0.000037	0.000266	0.000011	0.000175	0.001759	0.000242	0.000004	-0.000220	0.000015	0.000055	0.000071	0.000008	-0.000789	-0.005690	-0.001045	-0.000225	-0.000923	-0.000037	0.000228	-0.000227	0.000181	
0.000032	-0.000004	0.000156	-0.000173	-0.002507	-0.000283	-0.000031	-0.000380	-0.000048	-0.000061	0.000283	0.000004	0.000337	-0.000961	-0.000225	0.000356	0.009749	0.000557	-0.000114	-0.000026	0.000152	
0.000206	-0.000359	-0.001059	-0.002758	0.001195	0.003136	-0.000028	-0.000755	-0.000364	0.000031	0.000618	0.000104	0.000931	-0.000697	-0.000923	0.009749	0.002307	-0.005844	-0.001877	-0.004359	-0.000140	
-0.000028	0.000269	0.000011	-0.000103	0.001797	0.000233	-0.000052	0.000073	0.000008	-0.000012	-0.000221	0.000014	0.000193	-0.000935	-0.000037	0.000557	-0.005844	-0.001014	-0.000236	-0.000203	0.000187	
0.000066	-0.000016	-0.000071	-0.000635	0.000109	0.000090	-0.000018	-0.000092	0.000009	-0.000003	0.000094	-0.000008	-0.000058	0.001730	0.000228	-0.000114	-0.001877	-0.000236	0.002160	-0.000177	-0.000059	
-0.000017	-0.000935	-0.004448	0.000108	0.006397	0.005681	-0.000377	0.000063	0.000018	0.000381	0.000050	0.000019	-0.000117	-0.004462	-0.000227	-0.000026	-0.004359	-0.000203	-0.000177	-0.010138	-0.003861	
-0.000019	-0.001133	-0.001630	0.000035	0.002265	0.001015	-0.000144	0.000129	0.000021	0.000149	0.000126	0.000022	-0.000155	-0.000158	0.000181	0.000152	-0.000140	0.000187	-0.000059	-0.003861	0.001712	

step=2

0.000122	-0.000004	0.000008	0.000029	0.000005	-0.000004	-0.000327	-0.000084	0.000139	-0.000323	0.000109	-0.000144	0.000024	-0.000230	0.000039	0.000032	0.000216	-0.000030	0.000071	-0.000018	-0.000020	
-0.000004	-0.000079	0.000520	0.000005	0.000363	-0.000252	0.000043	0.000390	-0.000138	-0.000018	0.000389	-0.000138	-0.000011	-0.000375	0.000280	-0.000002	-0.000382	0.000282	-0.000017	-0.001000	-0.001211	
0.000008	0.000520	-0.003401	0.000023	0.001440	0.003937	-0.000018	0.000129	-0.000063	0.000022	0.000129	-0.000063	-0.000206	-0.001121	0.000014	0.000169	-0.001125	0.000014	-0.000076	-0.004778	-0.001749	
0.000029	0.000005	0.000023	0.000184	-0.000045	-0.000055	0.000058	0.000311	-0.000052	0.000045	-0.000314	0.000056	0.000027	0.002908	0.000193	-0.000161	-0.002877	-0.000126	-0.000705	0.000111	0.000036	
0.000005	0.000363	0.001440	-0.000045	-0.002849	-0.003227	0.000112	-0.000064	0.000101	-0.000115	-0.000052	0.000098	0.002658	0.001061	0.001824	-0.002627	0.001257	0.001860	0.000111	0.006379	0.002282	
-0.000004	-0.000252	0.003937	-0.000055	-0.003227	-0.004403	0.000155	-0.000234	0.000037	-0.000163	-0.000233	0.000038	0.000437	0.003246	0.000265	-0.000321	0.003286	0.000258	0.000094	0.005940	0.001009	
-0.000327	0.000043	-0.000018	0.000058	0.000112	0.000155	0.000843	-0.000053	-0.000263	0.000208	-0.000020	-0.000005	-0.000073	-0.000013	0.000006	-0.000032	-0.000034	-0.000054	-0.000019	-0.000415	-0.000158	
-0.000084	0.000390	0.000129	0.000311	-0.000064	-0.000234	-0.000053	-0.001339	0.000349	0.000022	0.000299	0.000026	-0.000267	0.000671	-0.000227	-0.000390	-0.000813	0.000080	-0.000095	0.000057	0.000131	
0.000139	-0.000138	-0.000063	-0.000052	0.000101	0.000037	-0.000263	0.000349	-0.000031	0.000005	0.000024	0.000072	-0.000001	0.000106	0.000016	-0.000046	-0.000374	0.000007	0.000010	0.000022	0.000023	
-0.000323	-0.000018	0.000022	0.000045	-0.000115	-0.000163	0.000208	0.000022	0.000005	0.000836	-0.000026	0.000279	-0.000019	0.000009	0.000057	-0.000063	0.000036	-0.000013	-0.000003	0.000418	0.000162	
0.000109	0.000389	0.000129	-0.000314	-0.000052	-0.000233	-0.000020	0.000299	0.000024	-0.000026	-0.001343	0.000358	0.000362	-0.000823	0.000079	0.000292	0.000663	-0.000228	0.000098	0.000042	0.000128	
-0.000144	-0.000138	-0.000063	0.000056	0.000098	0.000038	-0.000005	0.000026	0.000072	0.000279	0.000358	-0.000031	0.000033	-0.000374	0.000007	0.000005	0.000106	0.000016	-0.000009	0.000022	0.000023	
0.000024	-0.000011	-0.000206	0.000027	0.002658	0.000437	-0.000073	-0.000267	-0.000001	-0.000019	0.000362	0.000033	-0.000379	-0.010063	-0.000867	0.000346	0.000974	0.000206	-0.000063	-0.000141	-0.000170	
-0.000230	-0.000375	-0.001121	0.002908	0.001061	0.003246	-0.000013	0.000671	0.000106	0.000009	-0.000823	-0.000374	-0.010063	0.003188	-0.005938	-0.001005	-0.000735	-0.000980	0.001829	-0.004669	-0.000148	
0.000039	0.000280	0.000014	0.000193	0.001824	0.000265	0.000006	-0.000227	0.000016	0.000057	0.000079	0.000007	-0.000867	-0.005938	-0.001145	-0.000239	-0.000968	-0.000046	0.000240	-0.000203	0.000204	
0.000032	-0.000002	0.000169	-0.000161	-0.002627	-0.000321	-0.000032	-0.000390	-0.000046	-0.000063	0.000292	0.000005	0.000346	-0.001005	-0.000239	0.000317	0.010189	0.000642	-0.000123	-0.000014	0.000166	
0.000216	-0.000382	-0.001125	-0.002877	0.001257	0.003286	-0.000034	-0.000813	-0.000374	0.000036	0.000663	0.000106	0.000974	-0.000735	-0.000968	0.010189	0.002436	-0.006082	-0.001984	-0.004571	-0.000136	
-0.000030	0.000282	0.000014	-0.000126	0.001860	0.000258	-0.000054	0.000080	0.000007	-0.000013	-0.000228	0.000016	0.000206	-0.000980	-0.000046	0.000642	-0.006082	-0.001122	-0.000248	-0.000182	0.000208	
0.000071	-0.000017	-0.000076	-0.000705	0.000111	0.000094	-0.000019	-0.000095	0.000010	-0.000003	0.000098	-0.000009	-0.000063	0.001829	0.000240	-0.000123	-0.001984	-0.000248	0.002396	-0.000171	-0.000055	
-0.000018	-0.001000	-0.004778	0.000111	0.006379	0.005940	-0.000415	0.000057	0.000022	0.000418	0.000042	0.000022	-0.000141	-0.004669	-0.000203	-0.000014	-0.004571	-0.000182	-0.000171	-0.009420	-0.003671	
-0.000020	-0.001211	-0.001749	0.000036	0.002282	0.001009	-0.000158	0.000131	0.000023	0.000162	0.000128	0.000023	-0.000170	-0.000148	0.000204	0.000166	-0.000136	0.000208	-0.000055	-0.003671	0.002096	

step=3

0.000122	-0.000006	0.000008	0.000037	0.000006	-0.000003	-0.000345	-0.000094	0.000146	-0.000336	0.000126	-0.000150	0.000023	-0.000240	0.000041	0.000031	0.000226	-0.000032	0.000077	-0.000019	-0.000021	
-0.000006	-0.000105	0.000521	0.000006	0.000394	-0.000239	0.000036	0.000435	-0.000136	-0.000004	0.000433	-0.000134	-0.000014	-0.000397	0.000293	0.000000	-0.000405	0.000295	-0.000018	-0.001063	-0.001289	
0.000008	0.000521	-0.003657	0.000026	0.001593	0.004235	-0.000022	0.000138	-0.000065	0.000027	0.000139	-0.000065	-0.000223	-0.001198	0.000016	0.000183	-0.001203	0.000015	-0.000083	-0.005168	-0.001896	
0.000037	0.000006	0.000026	0.000189	-0.000049	-0.000056	0.000060	0.000318	-0.000057	0.000045	-0.000322	0.000061	0.000045	0.003033	0.000211	-0.000148	-0.002996	-0.000146	-0.000780	0.000117	0.000037	
0.000006	0.000394	0.001593	-0.000049	-0.002944	-0.003436	0.000126	-0.000070	0.000105	-0.000130	-0.000058	0.000101	0.002786	0.001141	0.001891	-0.002748	0.001336	0.001924	0.000115	0.006447	0.002339	
-0.000003	-0.000239	0.004235	-0.000056	-0.003436	-0.004726	0.000170	-0.000239	0.000040	-0.000178	-0.000238	0.000040	0.000476	0.003417	0.000292	-0.000361	0.003454	0.000285	0.000100	0.006288	0.001040	
-0.000345	0.000036	-0.000022	0.000060	0.000126	0.000170	0.000890	-0.000026	-0.000279	0.000217	-0.000024	-0.000006	-0.000075	-0.000017	0.000007	-0.000033	-0.000039	-0.000056	-0.000020	-0.000455	-0.000172	
-0.000094	0.000435	0.000138	0.000318	-0.000070	-0.000239	-0.000026	-0.001450	0.000338	0.000026	0.000297	0.000023	-0.000275	0.000720	-0.000234	-0.000400	-0.000877	0.000088	-0.000098	0.000051	0.000134	
0.000146	-0.000136	-0.000065	-0.000057	0.000105	0.000040	-0.000279	0.000338	-0.000031	0.000006	0.000022	0.000074	-0.000002	0.000107	0.000018	-0.000044	-0.000384	0.000006	0.000012	0.000026	0.000024	
-0.000336	-0.000004	0.000027	0.000045	-0.000130	-0.000178	0.000217	0.000026	0.000006	0.000875	-0.000075	0.000294	-0.000019	0.000013	0.000059	-0.000065	0.000041	-0.000015	-0.000002	0.000457	0.000177	
0.000126	0.000433	0.000139	-0.000322	-0.000058	-0.000238	-0.000024	0.000297	0.000022	-0.000075	-0.001450	0.000338	0.000371	-0.000888	0.000087	0.000301	0.000712	-0.000235	0.000101	0.000035	0.000130	
-0.000150	-0.000134	-0.000065	0.000061	0.000101	0.000040	-0.000006	0.000023	0.000074	0.000294	0.000338	-0.000039	0.000031	-0.000383	0.000005	0.000005	0.000108	0.000017	-0.000011	0.000026	0.000024	
0.000023	-0.000014	-0.000223	0.000045	0.002786	0.000476	-0.000075	-0.000275	-0.000002	-0.000019	0.000371	0.000031	-0.000426	-0.010519	-0.000937	0.000353	0.001019	0.000218	-0.000068	-0.000161	-0.000182	
-0.000240	-0.000397	-0.001198	0.003033	0.001141	0.003417	-0.000017	0.000720	0.000107	0.000013	-0.000888	-0.000383	-0.010519	0.003315	-0.006192	-0.001051	-0.000782	-0.001029	0.001937	-0.004935	-0.000160	
0.000041	0.000293	0.000016	0.000211	0.001891	0.000292	0.000007	-0.000234	0.000018	0.000059	0.000087	0.000005	-0.000937	-0.006192	-0.001246	-0.000253	-0.001017	-0.000056	0.000255	-0.000182	0.000225	
0.000031	0.000000	0.000183	-0.000148	-0.002748	-0.000361	-0.000033	-0.000400	-0.000044	-0.000065	0.000301	0.000005	0.000353	-0.001051	-0.000253	0.000279	0.010639	0.000728	-0.000133	-0.000006	0.000176	
0.000226	-0.000405	-0.001203	-0.002996	0.001336	0.003454	-0.000039	-0.000877	-0.000384	0.000041	0.000712	0.000108	0.001019	-0.000782	-0.001017	0.010639	0.002588	-0.006314	-0.002102	-0.004854	-0.000159	
-0.000032	0.000295	0.000015	-0.000146	0.001924	0.000285	-0.000056	0.000088	0.000006	-0.000015	-0.000235	0.000017	0.000218	-0.001029	-0.000056	0.000728	-0.006314	-0.001231	-0.000262	-0.000168	0.000227	
0.000077	-0.000018	-0.000083	-0.000780	0.000115	0.000100	-0.000020	-0.000098	0.000012	-0.000002	0.000101	-0.000011	-0.000068	0.001937	0.000255	-0.000133	-0.002102	-0.000262	0.002647	-0.000172	-0.000055	
-0.000019	-0.001063	-0.005168	0.000117	0.006447	0.006288	-0.000455	0.000051	0.000026	0.000457	0.000035	0.000026	-0.000161	-0.004935	-0.000182	-0.000006	-0.004854	-0.000168	-0.000172	-0.008878	-0.003568	
-0.000021	-0.001289	-0.001896	0.000037	0.002339	0.001040	-0.000172	0.000134	0.000024	0.000177	0.000130	0.000024	-0.000182	-0.000160	0.000225	0.000176	-0.000159	0.000227	-0.000055	-0.003568	0.002453	

step=4

0.000121	-0.000008	0.000008	0.000047	0.000006	-0.000003	-0.000363	-0.000104	0.000157	-0.000352	0.000144	-0.000159	0.000022	-0.000252	0.000044	0.000030	0.000237	-0.000034	0.000083	-0.000020	-0.000023	
-0.000008	-0.000137	0.000521	0.000006	0.000426	-0.000226	0.000030	0.000484	-0.000134	0.000010	0.000481	-0.000129	-0.000018	-0.000418	0.000307	0.000003	-0.000427	0.000309	-0.000019	-0.001121	-0.001369	
0.000008	0.000521	-0.003937	0.000029	0.001771	0.004566	-0.000029	0.000145	-0.000067	0.000031	0.000150	-0.000067	-0.000242	-0.001287	0.000016	0.000198	-0.001294	0.000016	-0.000090	-0.005623	-0.002070	
0.000047	0.000006	0.000029	0.000192	-0.000055	-0.000059	0.000061	0.000325	-0.000062	0.000045	-0.000328	0.000066	0.000061	0.003158	0.000231	-0.000132	-0.003113	-0.000170	-0.000860	0.000127	0.000041	
0.000006	0.000426	0.001771	-0.000055	-0.003141	-0.003704	0.000142	-0.000077	0.000108	-0.000146	-0.000065	0.000105	0.002915	0.001245	0.001961	-0.002869	0.001436	0.001989	0.000125	0.006828	0.002507	
-0.000003	-0.000226	0.004566	-0.000059	-0.003704	-0.005101	0.000186	-0.000243	0.000042	-0.000195	-0.000243	0.000043	0.000518	0.003607	0.000319	-0.000404	0.003641	0.000316	0.000109	0.006802	0.001127	
-0.000363	0.000030	-0.000029	0.000061	0.000142	0.000186	0.000944	-0.000001	-0.000310	0.000226	-0.000028	-0.000007	-0.000078	-0.000022	0.000008	-0.000033	-0.000046	-0.000058	-0.000021	-0.000496	-0.000187	
-0.000104	0.000484	0.000145	0.000325	-0.000077	-0.000243	-0.000001	-0.001570	0.000326	0.000031	0.000292	0.000020	-0.000282	0.000773	-0.000241	-0.000409	-0.000946	0.000096	-0.000101	0.000046	0.000137	
0.000157	-0.000134	-0.000067	-0.000062	0.000108	0.000042	-0.000310	0.000326	-0.000031	0.000007	0.000019	0.000075	-0.000002	0.000109	0.000019	-0.000042	-0.000393	0.000004	0.000014	0.000029	0.000025	
-0.000352	0.000010	0.000031	0.000045	-0.000146	-0.000195	0.000226	0.000031	0.000007	0.000921	-0.000128	0.000310	-0.000019	0.000018	0.000061	-0.000067	0.000048	-0.000016	-0.000001	0.000499	0.000192	
0.000144	0.000481	0.000150	-0.000328	-0.000065	-0.000243	-0.000028	0.000292	0.000019	-0.000128	-0.001567	0.000316	0.000379	-0.000957	0.000095	0.000309	0.000765	-0.000241	0.000103	0.000029	0.000132	
-0.000159	-0.000129	-0.000067	0.000066	0.000105	0.000043	-0.000007	0.000020	0.000075	0.000310	0.000316	-0.000039	0.000028	-0.000393	0.000004	0.000006	0.000110	0.000019	-0.000012	0.000029	0.000025	
0.000022	-0.000018	-0.000242	0.000061	0.002915	0.000518	-0.000078	-0.000282	-0.000002	-0.000019	0.000379	0.000028	-0.000472	-0.010982	-0.001014	0.000359	0.001064	0.000232	-0.000073	-0.000176	-0.000192	
-0.000252	-0.000418	-0.001287	0.003158	0.001245	0.003607	-0.000022	0.000773	0.000109	0.000018	-0.000957	-0.000393	-0.010982	0.003441	-0.006442	-0.001097	-0.000840	-0.001081	0.002055	-0.005269	-0.000195	
0.000044	0.000307	0.000016	0.000231	0.001961	0.000319	0.000008	-0.000241	0.000019	0.000061	0.000095	0.000004	-0.001014	-0.006442	-0.001354	-0.000269	-0.001070	-0.000067	0.000272	-0.000169	0.000244	
0.000030	0.000003	0.000198	-0.000132	-0.002869	-0.000404	-0.000033	-0.000409	-0.000042	-0.000067	0.000309	0.000006	0.000359	-0.001097	-0.000269	0.000240	0.011091	0.000828	-0.000143	-0.000004	0.000184	
0.000237	-0.000427	-0.001294	-0.003113	0.001436	0.003641	-0.000046	-0.000946	-0.000393	0.000048	0.000765	0.000110	0.001064	-0.000840	-0.001070	0.011091	0.002751	-0.006541	-0.002230	-0.005208	-0.000205	
-0.000034	0.000309	0.000016	-0.000170	0.001989	0.000316	-0.000058	0.000096	0.000004	-0.000016	-0.000241	0.000019	0.000232	-0.001081	-0.000067	0.000828	-0.006541	-0.001347	-0.000277	-0.000162	0.000243	
0.000083	-0.000019	-0.000090	-0.000860	0.000125	0.000109	-0.000021	-0.000101	0.000014	-0.000001	0.000103	-0.000012	-0.000073	0.002055	0.000272	-0.000143	-0.002230	-0.000277	0.002918	-0.000191	-0.000060	
-0.000020	-0.001121	-0.005623	0.000127	0.006828	0.006802	-0.000496	0.000046	0.000029	0.000499	0.000029	0.000029	-0.000176	-0.005269	-0.000169	-0.000004	-0.005208	-0.000162	-0.000191	-0.009291	-0.003795	
-0.000023	-0.001369	-0.002070	0.000041	0.002507	0.001127	-0.000187	0.000137	0.000025	0.000192	0.000132	0.000025	-0.000192	-0.000195	0.000244	0.000184	-0.000205	0.000243	-0.000060	-0.003795	0.002718	

step=5

0.000120	-0.000011	0.000008	0.000059	0.000007	-0.000003	-0.000381	-0.000113	0.000168	-0.000375	0.000163	-0.000173	0.000020	-0.000263	0.000046	0.000029	0.000247	-0.000035	0.000090	-0.000022	-0.000024	
-0.000011	-0.000172	0.000521	0.000007	0.000459	-0.000213	0.000024	0.000539	-0.000132	0.000026	0.000535	-0.000123	-0.000023	-0.000440	0.000322	0.000007	-0.000450	0.000322	-0.000020	-0.001176	-0.001451	
0.000008	0.000521	-0.004241	0.000032	0.001976	0.004932	-0.000031	0.000152	-0.000072	0.000040	0.000161	-0.000070	-0.000263	-0.001390	0.000015	0.000216	-0.001398	0.000014	-0.000098	-0.006141	-0.002274	
0.000059	0.000007	0.000032	0.000197	-0.000063	-0.000062	0.000061	0.000331	-0.000067	0.000045	-0.000335	0.000071	0.000079	0.003281	0.000251	-0.000114	-0.003227	-0.000197	-0.000951	0.000145	0.000047	
0.000007	0.000459	0.001976	-0.000063	-0.003479	-0.004043	0.000159	-0.000086	0.000112	-0.000163	-0.000072	0.000110	0.003046	0.001369	0.002031	-0.002990	0.001555	0.002054	0.000141	0.007652	0.002825	
-0.000003	-0.000213	0.004932	-0.000062	-0.004043	-0.005532	0.000205	-0.000248	0.000045	-0.000213	-0.000248	0.000046	0.000563	0.003814	0.000352	-0.000449	0.003846	0.000350	0.000121	0.007521	0.001279	
-0.000381	0.000024	-0.000031	0.000061	0.000159	0.000205	0.001006	0.000021	-0.000333	0.000236	-0.000031	-0.000009	-0.000081	-0.000028	0.000010	-0.000033	-0.000054	-0.000060	-0.000021	-0.000540	-0.000203	
-0.000113	0.000539	0.000152	0.000331	-0.000086	-0.000248	0.000021	-0.001702	0.000316	0.000037	0.000285	0.000016	-0.000289	0.000831	-0.000247	-0.000418	-0.001022	0.000105	-0.000103	0.000042	0.000140	
0.000168	-0.000132	-0.000072	-0.000067	0.000112	0.000045	-0.000333	0.000316	-0.000031	0.000009	0.000017	0.000077	-0.000003	0.000111	0.000021	-0.000039	-0.000408	0.000003	0.000016	0.000030	0.000025	
-0.000375	0.000026	0.000040	0.000045	-0.000163	-0.000213	0.000236	0.000037	0.000009	0.000983	-0.000185	0.000341	-0.000018	0.000024	0.000064	-0.000070	0.000055	-0.000018	-0.000001	0.000543	0.000208	
0.000163	0.000535	0.000161	-0.000335	-0.000072	-0.000248	-0.000031	0.000285	0.000017	-0.000185	-0.001695	0.000292	0.000387	-0.001033	0.000104	0.000316	0.000823	-0.000247	0.000105	0.000024	0.000135	
-0.000173	-0.000123	-0.000070	0.000071	0.000110	0.000046	-0.000009	0.000016	0.000077	0.000341	0.000292	-0.000039	0.000026	-0.000402	0.000002	0.000006	0.000111	0.000021	-0.000014	0.000030	0.000025	
0.000020	-0.000023	-0.000263	0.000079	0.003046	0.000563	-0.000081	-0.000289	-0.000003	-0.000018	0.000387	0.000026	-0.000519	-0.011449	-0.001099	0.000368	0.001109	0.000246	-0.000079	-0.000190	-0.000200	
-0.000263	-0.000440	-0.001390	0.003281	0.001369	0.003814	-0.000028	0.000831	0.000111	0.000024	-0.001033	-0.000402	-0.011449	0.003571	-0.006686	-0.001143	-0.000907	-0.001138	0.002183	-0.005665	-0.000251	
0.000046	0.000322	0.000015	0.000251	0.002031	0.000352	0.000010	-0.000247	0.000021	0.000064	0.000104	0.000002	-0.001099	-0.006686	-0.001471	-0.000286	-0.001127	-0.000080	0.000290	-0.000163	0.000261	
0.000029	0.000007	0.000216	-0.000114	-0.002990	-0.000449	-0.000033	-0.000418	-0.000039	-0.000070	0.000316	0.000006	0.000368	-0.001143	-0.000286	0.000193	0.011538	0.000929	-0.000154	-0.000004	0.000191	
0.000247	-0.000450	-0.001398	-0.003227	0.001555	0.003846	-0.000054	-0.001022	-0.000408	0.000055	0.000823	0.000111	0.001109	-0.000907	-0.001127	0.011538	0.002916	-0.006759	-0.002368	-0.005622	-0.000270	
-0.000035	0.000322	0.000014	-0.000197	0.002054	0.000350	-0.000060	0.000105	0.000003	-0.000018	-0.000247	0.000021	0.000246	-0.001138	-0.000080	0.000929	-0.006759	-0.001463	-0.000295	-0.000162	0.000258	
0.000090	-0.000020	-0.000098	-0.000951	0.000141	0.000121	-0.000021	-0.000103	0.000016	-0.000001	0.000105	-0.000014	-0.000079	0.002183	0.000290	-0.000154	-0.002368	-0.000295	0.003224	-0.000234	-0.000074	
-0.000022	-0.001176	-0.006141	0.000145	0.007652	0.007521	-0.000540	0.000042	0.000030	0.000543	0.000024	0.000030	-0.000190	-0.005665	-0.000163	-0.000004	-0.005622	-0.000162	-0.000234	-0.011127	-0.004496	
-0.000024	-0.001451	-0.002274	0.000047	0.002825	0.001279	-0.000203	0.000140	0.000025	0.000208	0.000135	0.000025	-0.000200	-0.000251	0.000261	0.000191	-0.000270	0.000258	-0.000074	-0.004496	0.002862	

step=6

0.000118	-0.000015	0.000008	0.000073	0.000008	-0.000003	-0.000404	-0.000120	0.000179	-0.000395	0.000184	-0.000184	0.000018	-0.000275	0.000048	0.000027	0.000259	-0.000037	0.000097	-0.000023	-0.000025	
-0.000015	-0.000213	0.000520	0.000008	0.000494	-0.000198	0.000020	0.000600	-0.000131	0.000044	0.000594	-0.000116	-0.000029	-0.000463	0.000336	0.000013	-0.000473	0.000336	-0.000021	-0.001226	-0.001535	
0.000008	0.000520	-0.004568	0.000036	0.002204	0.005329	-0.000038	0.000158	-0.000076	0.000047	0.000172	-0.000072	-0.000287	-0.001504	0.000013	0.000235	-0.001514	0.000012	-0.000107	-0.006712	-0.002502	
0.000073	0.000008	0.000036	0.000203	-0.000074	-0.000066	0.000062	0.000336	-0.000072	0.000045	-0.000340	0.000076	0.000096	0.003400	0.000269	-0.000099	-0.003333	-0.000224	-0.001055	0.000167	0.000054	
0.000008	0.000494	0.002204	-0.000074	-0.003933	-0.004441	0.000178	-0.000095	0.000115	-0.000182	-0.000082	0.000114	0.003178	0.001506	0.002101	-0.003107	0.001689	0.002117	0.000161	0.008848	0.003272	
-0.000003	-0.000198	0.005329	-0.000066	-0.004441	-0.006011	0.000225	-0.000253	0.000048	-0.000234	-0.000252	0.000048	0.000606	0.004035	0.000388	-0.000496	0.004063	0.000388	0.000135	0.008417	0.001483	
-0.000404	0.000020	-0.000038	0.000062	0.000178	0.000225	0.001076	0.000037	-0.000356	0.000247	-0.000035	-0.000009	-0.000085	-0.000035	0.000011	-0.000033	-0.000062	-0.000062	-0.000022	-0.000587	-0.000220	
-0.000120	0.000600	0.000158	0.000336	-0.000095	-0.000253	0.000037	-0.001845	0.000309	0.000042	0.000276	0.000012	-0.000296	0.000895	-0.000251	-0.000425	-0.001104	0.000114	-0.000105	0.000038	0.000143	
0.000179	-0.000131	-0.000076	-0.000072	0.000115	0.000048	-0.000356	0.000309	-0.000031	0.000011	0.000014	0.000078	-0.000003	0.000113	0.000023	-0.000036	-0.000410	0.000001	0.000018	0.000029	0.000024	
-0.000395	0.000044	0.000047	0.000045	-0.000182	-0.000234	0.000247	0.000042	0.000011	0.001053	-0.000250	0.000364	-0.000017	0.000031	0.000066	-0.000073	0.000063	-0.000020	0.000000	0.000590	0.000225	
0.000184	0.000594	0.000172	-0.000340	-0.000082	-0.000252	-0.000035	0.000276	0.000014	-0.000250	-0.001834	0.000263	0.000393	-0.001116	0.000113	0.000323	0.000886	-0.000251	0.000106	0.000019	0.000138	
-0.000184	-0.000116	-0.000072	0.000076	0.000114	0.000048	-0.000009	0.000012	0.000078	0.000364	0.000263	-0.000046	0.000023	-0.000410	0.000001	0.000006	0.000113	0.000022	-0.000017	0.000029	0.000024	
0.000018	-0.000029	-0.000287	0.000096	0.003178	0.000606	-0.000085	-0.000296	-0.000003	-0.000017	0.000393	0.000023	-0.000580	-0.011911	-0.001184	0.000380	0.001155	0.000261	-0.000087	-0.000208	-0.000210	
-0.000275	-0.000463	-0.001504	0.003400	0.001506	0.004035	-0.000035	0.000895	0.000113	0.000031	-0.001116	-0.000410	-0.011911	0.003704	-0.006921	-0.001189	-0.000984	-0.001197	0.002321	-0.006102	-0.000320	
0.000048	0.000336	0.000013	0.000269	0.002101	0.000388	0.000011	-0.000251	0.000023	0.000066	0.000113	0.000001	-0.001184	-0.006921	-0.001587	-0.000302	-0.001187	-0.000093	0.000309	-0.000163	0.000276	
0.000027	0.000013	0.000235	-0.000099	-0.003107	-0.000496	-0.000033	-0.000425	-0.000036	-0.000073	0.000323	0.000006	0.000380	-0.001189	-0.000302	0.000139	0.011968	0.001029	-0.000165	-0.000000	0.000198	
0.000259	-0.000473	-0.001514	-0.003333	0.001689	0.004063	-0.000062	-0.001104	-0.000410	0.000063	0.000886	0.000113	0.001155	-0.000984	-0.001187	0.011968	0.003080	-0.006965	-0.002515	-0.006071	-0.000345	
-0.000037	0.000336	0.000012	-0.000224	0.002117	0.000388	-0.000062	0.000114	0.000001	-0.000020	-0.000251	0.000022	0.000261	-0.001197	-0.000093	0.001029	-0.006965	-0.001579	-0.000313	-0.000165	0.000273	
0.000097	-0.000021	-0.000107	-0.001055	0.000161	0.000135	-0.000022	-0.000105	0.000018	0.000000	0.000106	-0.000017	-0.000087	0.002321	0.000309	-0.000165	-0.002515	-0.000313	0.003578	-0.000292	-0.000093	
-0.000023	-0.001226	-0.006712	0.000167	0.008848	0.008417	-0.000587	0.000038	0.000029	0.000590	0.000019	0.000029	-0.000208	-0.006102	-0.000163	-0.000000	-0.006071	-0.000165	-0.000292	-0.014187	-0.005612	
-0.000025	-0.001535	-0.002502	0.000054	0.003272	0.001483	-0.000220	0.000143	0.000024	0.000225	0.000138	0.000024	-0.000210	-0.000320	0.000276	0.000198	-0.000345	0.000273	-0.000093	-0.005612	0.002918	

step=7

0.000114	-0.000022	0.000007	0.000089	0.000009	-0.000003	-0.000431	-0.000123	0.000195	-0.000417	0.000209	-0.000193	0.000015	-0.000287	0.000050	0.000026	0.000270	-0.000039	0.000104	-0.000024	-0.000027	
-0.000022	-0.000261	0.000519	0.000008	0.000529	-0.000183	0.000020	0.000665	-0.000131	0.000066	0.000658	-0.000107	-0.000038	-0.000485	0.000351	0.000021	-0.000497	0.000348	-0.000021	-0.001271	-0.001621	
0.000007	0.000519	-0.004912	0.000039	0.002449	0.005749	-0.000045	0.000161	-0.000079	0.000054	0.000184	-0.000076	-0.000313	-0.001626	0.000009	0.000256	-0.001639	0.000009	-0.000115	-0.007319	-0.002750	
0.000089	0.000008	0.000039	0.000212	-0.000087	-0.000070	0.000063	0.000341	-0.000078	0.000045	-0.000345	0.000081	0.000110	0.003513	0.000287	-0.000083	-0.003424	-0.000247	-0.001175	0.000188	0.000062	
0.000009	0.000529	0.002449	-0.000087	-0.004429	-0.004869	0.000198	-0.000106	0.000118	-0.000202	-0.000092	0.000119	0.003311	0.001650	0.002167	-0.003216	0.001831	0.002174	0.000180	0.010173	0.003773	
-0.000003	-0.000183	0.005749	-0.000070	-0.004869	-0.006520	0.000246	-0.000257	0.000051	-0.000256	-0.000256	0.000052	0.000655	0.004262	0.000422	-0.000543	0.004281	0.000426	0.000148	0.009401	0.001708	
-0.000431	0.000020	-0.000045	0.000063	0.000198	0.000246	0.001153	0.000038	-0.000395	0.000259	-0.000037	-0.000011	-0.000089	-0.000044	0.000012	-0.000032	-0.000070	-0.000064	-0.000023	-0.000636	-0.000238	
-0.000123	0.000665	0.000161	0.000341	-0.000106	-0.000257	0.000038	-0.002002	0.000310	0.000049	0.000266	0.000007	-0.000301	0.000963	-0.000255	-0.000432	-0.001193	0.000122	-0.000106	0.000035	0.000147	
0.000195	-0.000131	-0.000079	-0.000078	0.000118	0.000051	-0.000395	0.000310	-0.000031	0.000012	0.000013	0.000081	-0.000003	0.000114	0.000024	-0.000034	-0.000412	-0.000000	0.000020	0.000026	0.000023	
-0.000417	0.000066	0.000054	0.000045	-0.000202	-0.000256	0.000259	0.000049	0.000012	0.001115	-0.000327	0.000387	-0.000015	0.000039	0.000069	-0.000076	0.000072	-0.000021	0.000001	0.000639	0.000244	
0.000209	0.000658	0.000184	-0.000345	-0.000092	-0.000256	-0.000037	0.000266	0.000013	-0.000327	-0.001985	0.000228	0.000400	-0.001206	0.000122	0.000329	0.000955	-0.000254	0.000107	0.000016	0.000141	
-0.000193	-0.000107	-0.000076	0.000081	0.000119	0.000052	-0.000011	0.000007	0.000081	0.000387	0.000228	-0.000046	0.000020	-0.000418	-0.000001	0.000006	0.000115	0.000024	-0.000019	0.000027	0.000023	
0.000015	-0.000038	-0.000313	0.000110	0.003311	0.000655	-0.000089	-0.000301	-0.000003	-0.000015	0.000400	0.000020	-0.000642	-0.012363	-0.001254	0.000397	0.001202	0.000276	-0.000095	-0.000232	-0.000222	
-0.000287	-0.000485	-0.001626	0.003513	0.001650	0.004262	-0.000044	0.000963	0.000114	0.000039	-0.001206	-0.000418	-0.012363	0.003841	-0.007141	-0.001235	-0.001067	-0.001259	0.002470	-0.006551	-0.000392	
0.000050	0.000351	0.000009	0.000287	0.002167	0.000422	0.000012	-0.000255	0.000024	0.000069	0.000122	-0.000001	-0.001254	-0.007141	-0.001695	-0.000320	-0.001250	-0.000107	0.000329	-0.000165	0.000292	
0.000026	0.000021	0.000256	-0.000083	-0.003216	-0.000543	-0.000032	-0.000432	-0.000034	-0.000076	0.000329	0.000006	0.000397	-0.001235	-0.000320	0.000085	0.012354	0.001130	-0.000177	0.000010	0.000208	
0.000270	-0.000497	-0.001639	-0.003424	0.001831	0.004281	-0.000070	-0.001193	-0.000412	0.000072	0.000955	0.000115	0.001202	-0.001067	-0.001250	0.012354	0.003232	-0.007143	-0.002674	-0.006530	-0.000420	
-0.000039	0.000348	0.000009	-0.000247	0.002174	0.000426	-0.000064	0.000122	-0.000000	-0.000021	-0.000254	0.000024	0.000276	-0.001259	-0.000107	0.001130	-0.007143	-0.001703	-0.000332	-0.000168	0.000289	
0.000104	-0.000021	-0.000115	-0.001175	0.000180	0.000148	-0.000023	-0.000106	0.000020	0.000001	0.000107	-0.000019	-0.000095	0.002470	0.000329	-0.000177	-0.002674	-0.000332	0.003986	-0.000346	-0.000113	
-0.000024	-0.001271	-0.007319	0.000188	0.010173	0.009401	-0.000636	0.000035	0.000026	0.000639	0.000016	0.000027	-0.000232	-0.006551	-0.000165	0.000010	-0.006530	-0.000168	-0.000346	-0.017689	-0.006904	
-0.000027	-0.001621	-0.002750	0.000062	0.003773	0.001708	-0.000238	0.000147	0.000023	0.000244	0.000141	0.000023	-0.000222	-0.000392	0.000292	0.000208	-0.000420	0.000289	-0.000113	-0.006904	0.002970	

step=8

0.000192	-0.000043	0.000008	0.000116	0.000014	-0.000004	-0.000612	-0.000121	0.000314	-0.000599	0.000261	-0.000310	0.000010	-0.000299	0.000048	0.000023	0.000282	-0.000037	0.000112	-0.000025	-0.000028	
-0.000043	-0.000335	0.000515	0.000011	0.000574	-0.000166	0.000029	0.000758	-0.000131	0.000115	0.000746	-0.000080	-0.000047	-0.000502	0.000365	0.000032	-0.000517	0.000352	-0.000020	-0.001310	-0.001710	
0.000008	0.000515	-0.005131	0.000040	0.002695	0.006075	0.000061	0.000167	-0.000132	-0.000045	0.000207	-0.000123	-0.000342	-0.001751	0.000004	0.000277	-0.001764	0.000004	-0.000115	-0.007937	-0.003012	
0.000116	0.000011	0.000040	0.000172	-0.000133	-0.000072	0.000064	0.000343	-0.000076	0.000045	-0.000347	0.000080	0.000191	0.003599	0.000354	0.000007	-0.003374	-0.000314	-0.001306	0.000201	0.000067	
0.000014	0.000574	0.002695	-0.000133	-0.004883	-0.005258	0.000218	-0.000116	0.000115	-0.000225	-0.000097	0.000127	0.003434	0.001774	0.002212	-0.003200	0.001978	0.002151	0.000183	0.011331	0.004241	
-0.000004	-0.000166	0.006075	-0.000072	-0.005258	-0.006934	0.000267	-0.000266	0.000049	-0.000277	-0.000256	0.000051	0.000749	0.004466	0.000469	-0.000626	0.004414	0.000467	0.000150	0.010360	0.001925	
-0.000612	0.000029	0.000061	0.000064	0.000218	0.000267	0.001772	0.000005	-0.000813	0.000259	-0.000034	0.000000	-0.000091	-0.000053	0.000012	-0.000029	-0.000082	-0.000067	-0.000023	-0.000687	-0.000258	
-0.000121	0.000758	0.000167	0.000343	-0.000116	-0.000266	0.000005	-0.002265	0.000323	0.000064	0.000261	-0.000006	-0.000310	0.001030	-0.000252	-0.000419	-0.001280	0.000122	-0.000107	0.000040	0.000153	
0.000314	-0.000131	-0.000132	-0.000076	0.000115	0.000049	-0.000813	0.000323	0.000147	0.000002	0.000015	0.000092	-0.000002	0.000114	0.000027	-0.000030	-0.000419	-0.000002	0.000023	0.000023	0.000021	
-0.000599	0.000115	-0.000045	0.000045	-0.000225	-0.000277	0.000259	0.000064	0.000002	0.001734	-0.000507	0.000797	-0.000012	0.000049	0.000071	-0.000078	0.000080	-0.000021	0.000001	0.000690	0.000263	
0.000261	0.000746	0.000207	-0.000347	-0.000097	-0.000256	-0.000034	0.000261	0.000015	-0.000507	-0.002238	0.000130	0.000409	-0.001295	0.000125	0.000320	0.001019	-0.000248	0.000108	0.000012	0.000145	
-0.000310	-0.000080	-0.000123	0.000080	0.000127	0.000051	0.000000	-0.000006	0.000092	0.000797	0.000130	0.000116	0.000015	-0.000425	-0.000003	0.000005	0.000117	0.000027	-0.000022	0.000023	0.000021	
0.000010	-0.000047	-0.000342	0.000191	0.003434	0.000749	-0.000091	-0.000310	-0.000002	-0.000012	0.000409	0.000015	-0.000913	-0.012762	-0.001471	0.000423	0.001242	0.000300	-0.000104	-0.000268	-0.000238	
-0.000299	-0.000502	-0.001751	0.003599	0.001774	0.004466	-0.000053	0.001030	0.000114	0.000049	-0.001295	-0.000425	-0.012762	0.004014	-0.007292	-0.001254	-0.001163	-0.001307	0.002633	-0.006974	-0.000458	
0.000048	0.000365	0.000004	0.000354	0.002212	0.000469	0.000012	-0.000252	0.000027	0.000071	0.000125	-0.000003	-0.001471	-0.007292	-0.001842	-0.000341	-0.001314	-0.000124	0.000348	-0.000160	0.000308	
0.000023	0.000032	0.000277	0.000007	-0.003200	-0.000626	-0.000029	-0.000419	-0.000030	-0.000078	0.000320	0.000005	0.000423	-0.001254	-0.000341	-0.000224	0.012277	0.001354	-0.000194	0.000010	0.000221	
0.000282	-0.000517	-0.001764	-0.003374	0.001978	0.004414	-0.000082	-0.001280	-0.000419	0.000080	0.001019	0.000117	0.001242	-0.001163	-0.001314	0.012277	0.003384	-0.007033	-0.002846	-0.007002	-0.000494	
-0.000037	0.000352	0.000004	-0.000314	0.002151	0.000467	-0.000067	0.000122	-0.000002	-0.000021	-0.000248	0.000027	0.000300	-0.001307	-0.000124	0.001354	-0.007033	-0.001834	-0.000350	-0.000169	0.000309	
0.000112	-0.000020	-0.000115	-0.001306	0.000183	0.000150	-0.000023	-0.000107	0.000023	0.000001	0.000108	-0.000022	-0.000104	0.002633	0.000348	-0.000194	-0.002846	-0.000350	0.004440	-0.000350	-0.000122	
-0.000025	-0.001310	-0.007937	0.000201	0.011331	0.010360	-0.000687	0.000040	0.000023	0.000690	0.000012	0.000023	-0.000268	-0.006974	-0.000160	0.000010	-0.007002	-0.000169	-0.000350	-0.020654	-0.008080	
-0.000028	-0.001710	-0.003012	0.000067	0.004241	0.001925	-0.000258	0.000153	0.000021	0.000263	0.000145	0.000021	-0.000238	-0.000458	0.000308	0.000221	-0.000494	0.000309	-0.000122	-0.008080	0.003089	

step=9

0.000200	-0.000034	0.000008	0.000134	0.000013	-0.000003	-0.000657	-0.000153	0.000334	-0.000639	0.000269	-0.000334	0.000008	-0.000312	0.000050	0.000021	0.000294	-0.000039	0.000119	-0.000026	-0.000030	
-0.000034	-0.000392	0.000507	0.000010	0.000609	-0.000145	-0.000001	0.000840	-0.000115	0.000120	0.000829	-0.000080	-0.000058	-0.000526	0.000379	0.000042	-0.000542	0.000370	-0.000021	-0.001347	-0.001803	
0.000008	0.000507	-0.005564	0.000045	0.002966	0.006595	0.000056	0.000189	-0.000137	-0.000045	0.000212	-0.000128	-0.000372	-0.001890	-0.000000	0.000302	-0.001902	0.000000	-0.000127	-0.008592	-0.003292	
0.000134	0.000010	0.000045	0.000201	-0.000131	-0.000075	0.000065	0.000348	-0.000082	0.000046	-0.000353	0.000087	0.000186	0.003721	0.000363	0.000004	-0.003515	-0.000336	-0.001456	0.000215	0.000073	
0.000013	0.000609	0.002966	-0.000131	-0.005243	-0.005694	0.000240	-0.000132	0.000122	-0.000247	-0.000112	0.000131	0.003582	0.001917	0.002289	-0.003368	0.002114	0.002239	0.000198	0.012204	0.004633	
-0.000003	-0.000145	0.006595	-0.000075	-0.005694	-0.007539	0.000293	-0.000272	0.000054	-0.000303	-0.000261	0.000056	0.000794	0.004718	0.000511	-0.000677	0.004677	0.000516	0.000166	0.011288	0.002120	
-0.000657	-0.000001	0.000056	0.000065	0.000240	0.000293	0.001912	0.000115	-0.000867	0.000276	-0.000046	-0.000002	-0.000097	-0.000060	0.000014	-0.000027	-0.000095	-0.000070	-0.000023	-0.000742	-0.000279	
-0.000153	0.000840	0.000189	0.000348	-0.000132	-0.000272	0.000115	-0.002460	0.000260	0.000067	0.000248	-0.000008	-0.000315	0.001114	-0.000257	-0.000432	-0.001385	0.000135	-0.000107	0.000043	0.000159	
0.000334	-0.000115	-0.000137	-0.000082	0.000122	0.000054	-0.000867	0.000260	0.000139	0.000002	0.000008	0.000095	-0.000002	0.000115	0.000029	-0.000028	-0.000428	-0.000005	0.000025	0.000019	0.000019	
-0.000639	0.000120	-0.000045	0.000046	-0.000247	-0.000303	0.000276	0.000067	0.000002	0.001865	-0.000519	0.000859	-0.000010	0.000054	0.000075	-0.000084	0.000093	-0.000023	0.000003	0.000744	0.000285	
0.000269	0.000829	0.000212	-0.000353	-0.000112	-0.000261	-0.000046	0.000248	0.000008	-0.000519	-0.002433	0.000126	0.000414	-0.001402	0.000138	0.000332	0.001103	-0.000254	0.000108	0.000011	0.000149	
-0.000334	-0.000080	-0.000128	0.000087	0.000131	0.000056	-0.000002	-0.000008	0.000095	0.000859	0.000126	0.000116	0.000013	-0.000433	-0.000005	0.000005	0.000117	0.000029	-0.000025	0.000019	0.000019	
0.000008	-0.000058	-0.000372	0.000186	0.003582	0.000794	-0.000097	-0.000315	-0.000002	-0.000010	0.000414	0.000013	-0.000890	-0.013241	-0.001525	0.000450	0.001296	0.000315	-0.000113	-0.000315	-0.000257	
-0.000312	-0.000526	-0.001890	0.003721	0.001917	0.004718	-0.000060	0.001114	0.000115	0.000054	-0.001402	-0.000433	-0.013241	0.004155	-0.007537	-0.001318	-0.001249	-0.001384	0.002799	-0.007418	-0.000522	
0.000050	0.000379	-0.000000	0.000363	0.002289	0.000511	0.000014	-0.000257	0.000029	0.000075	0.000138	-0.000005	-0.001525	-0.007537	-0.001974	-0.000360	-0.001385	-0.000139	0.000369	-0.000166	0.000325	
0.000021	0.000042	0.000302	0.000004	-0.003368	-0.000677	-0.000027	-0.000432	-0.000028	-0.000084	0.000332	0.000005	0.000450	-0.001318	-0.000360	-0.000224	0.012849	0.001440	-0.000205	0.000048	0.000239	
0.000294	-0.000542	-0.001902	-0.003515	0.002114	0.004677	-0.000095	-0.001385	-0.000428	0.000093	0.001103	0.000117	0.001296	-0.001249	-0.001385	0.012849	0.003529	-0.007329	-0.003026	-0.007420	-0.000551	
-0.000039	0.000370	0.000000	-0.000336	0.002239	0.000516	-0.000070	0.000135	-0.000005	-0.000023	-0.000254	0.000029	0.000315	-0.001384	-0.000139	0.001440	-0.007329	-0.001989	-0.000372	-0.000169	0.000327	
0.000119	-0.000021	-0.000127	-0.001456	0.000198	0.000166	-0.000023	-0.000107	0.000025	0.000003	0.000108	-0.000025	-0.000113	0.002799	0.000369	-0.000205	-0.003026	-0.000372	0.004951	-0.000386	-0.000135	
-0.000026	-0.001347	-0.008592	0.000215	0.012204	0.011288	-0.000742	0.000043	0.000019	0.000744	0.000011	0.000019	-0.000315	-0.007418	-0.000166	0.000048	-0.007420	-0.000169	-0.000386	-0.022680	-0.009003	
-0.000030	-0.001803	-0.003292	0.000073	0.004633	0.002120	-0.000279	0.000159	0.000019	0.000285	0.000149	0.000019	-0.000257	-0.000522	0.000325	0.000239	-0.000551	0.000327	-0.000135	-0.009003	0.003351	

step=10

0.000101	-0.000010	0.000007	0.000155	0.000008	-0.000001	-0.000525	-0.000189	0.000238	-0.000507	0.000240	-0.000240	0.000006	-0.000324	0.000055	0.000019	0.000305	-0.000042	0.000126	-0.000026	-0.000032	
-0.000010	-0.000441	0.000499	0.000007	0.000646	-0.000119	-0.000039	0.000900	-0.000098	0.000089	0.000893	-0.000099	-0.000071	-0.000553	0.000391	0.000052	-0.000567	0.000394	-0.000024	-0.001381	-0.001899	
0.000007	0.000499	-0.006059	0.000054	0.003253	0.007155	-0.000065	0.000204	-0.000094	0.000072	0.000199	-0.000090	-0.000403	-0.002033	-0.000005	0.000331	-0.002045	-0.000004	-0.000148	-0.009275	-0.003586	
0.000155	0.000007	0.000054	0.000244	-0.000092	-0.000081	0.000064	0.000352	-0.000093	0.000043	-0.000359	0.000098	0.000157	0.003816	0.000343	-0.000022	-0.003748	-0.000334	-0.001618	0.000230	0.000080	
0.000008	0.000646	0.003253	-0.000092	-0.005509	-0.006135	0.000264	-0.000151	0.000135	-0.000270	-0.000133	0.000130	0.003703	0.002072	0.002359	-0.003631	0.002236	0.002380	0.000224	0.012758	0.004939	
-0.000001	-0.000119	0.007155	-0.000081	-0.006135	-0.008175	0.000322	-0.000273	0.000062	-0.000332	-0.000269	0.000063	0.000814	0.004966	0.000538	-0.000716	0.004999	0.000561	0.000193	0.012158	0.002292	
-0.000525	-0.000039	-0.000065	0.000064	0.000264	0.000322	0.001448	0.000255	-0.000519	0.000302	-0.000063	-0.000018	-0.000104	-0.000066	0.000015	-0.000026	-0.000106	-0.000072	-0.000024	-0.000798	-0.000301	
-0.000189	0.000900	0.000204	0.000352	-0.000151	-0.000273	0.000255	-0.002562	0.000184	0.000059	0.000229	-0.000001	-0.000313	0.001209	-0.000264	-0.000458	-0.001505	0.000154	-0.000107	0.000043	0.000164	
0.000238	-0.000098	-0.000094	-0.000093	0.000135	0.000062	-0.000519	0.000184	-0.000023	0.000017	-0.000005	0.000087	-0.000002	0.000117	0.000030	-0.000026	-0.000439	-0.000005	0.000028	0.000015	0.000018	
-0.000507	0.000089	0.000072	0.000043	-0.000270	-0.000332	0.000302	0.000059	0.000017	0.001394	-0.000401	0.000519	-0.000008	0.000056	0.000078	-0.000089	0.000109	-0.000024	0.000005	0.000801	0.000307	
0.000240	0.000893	0.000199	-0.000359	-0.000133	-0.000269	-0.000063	0.000229	-0.000005	-0.000401	-0.002543	0.000198	0.000411	-0.001522	0.000155	0.000354	0.001199	-0.000263	0.000109	0.000016	0.000155	
-0.000240	-0.000099	-0.000090	0.000098	0.000130	0.000063	-0.000018	-0.000001	0.000087	0.000519	0.000198	-0.000039	0.000012	-0.000439	-0.000005	0.000005	0.000118	0.000030	-0.000027	0.000015	0.000018	
0.000006	-0.000071	-0.000403	0.000157	0.003703	0.000814	-0.000104	-0.000313	-0.000002	-0.000008	0.000411	0.000012	-0.000797	-0.013609	-0.001486	0.000464	0.001347	0.000326	-0.000121	-0.000367	-0.000279	
-0.000324	-0.000553	-0.002033	0.003816	0.002072	0.004966	-0.000066	0.001209	0.000117	0.000056	-0.001522	-0.000439	-0.013609	0.004276	-0.007741	-0.001403	-0.001324	-0.001475	0.002974	-0.007879	-0.000583	
0.000055	0.000391	-0.000005	0.000343	0.002359	0.000538	0.000015	-0.000264	0.000030	0.000078	0.000155	-0.000005	-0.001486	-0.007741	-0.002059	-0.000377	-0.001458	-0.000154	0.000392	-0.000180	0.000343	
0.000019	0.000052	0.000331	-0.000022	-0.003631	-0.000716	-0.000026	-0.000458	-0.000026	-0.000089	0.000354	0.000005	0.000464	-0.001403	-0.000377	-0.000124	0.013747	0.001463	-0.000215	0.000109	0.000259	
0.000305	-0.000567	-0.002045	-0.003748	0.002236	0.004999	-0.000106	-0.001505	-0.000439	0.000109	0.001199	0.000118	0.001347	-0.001324	-0.001458	0.013747	0.003677	-0.007820	-0.003218	-0.007805	-0.000596	
-0.000042	0.000394	-0.000004	-0.000334	0.002380	0.000561	-0.000072	0.000154	-0.000005	-0.000024	-0.000263	0.000030	0.000326	-0.001475	-0.000154	0.001463	-0.007820	-0.002137	-0.000396	-0.000168	0.000345	
0.000126	-0.000024	-0.000148	-0.001618	0.000224	0.000193	-0.000024	-0.000107	0.000028	0.000005	0.000109	-0.000027	-0.000121	0.002974	0.000392	-0.000215	-0.003218	-0.000396	0.005503	-0.000449	-0.000152	
-0.000026	-0.001381	-0.009275	0.000230	0.012758	0.012158	-0.000798	0.000043	0.000015	0.000801	0.000016	0.000015	-0.000367	-0.007879	-0.000180	0.000109	-0.007805	-0.000168	-0.000449	-0.023635	-0.009633	
-0.000032	-0.001899	-0.003586	0.000080	0.004939	0.002292	-0.000301	0.000164	0.000018	0.000307	0.000155	0.000018	-0.000279	-0.000583	0.000343	0.000259	-0.000596	0.000345	-0.000152	-0.009633	0.003744	

step=11

0.000000	0.000020	0.000007	0.000178	0.000002	0.000001	-0.000395	-0.000229	0.000137	-0.000375	0.000198	-0.000146	0.000005	-0.000336	0.000060	0.000016	0.000316	-0.000047	0.000133	-0.000025	-0.000033	
0.000020	-0.000497	0.000492	0.000004	0.000686	-0.000093	-0.000082	0.000967	-0.000079	0.000047	0.000964	-0.000125	-0.000085	-0.000580	0.000401	0.000064	-0.000592	0.000419	-0.000027	-0.001410	-0.001994	
0.000007	0.000492	-0.006570	0.000064	0.003548	0.007735	-0.000188	0.000222	-0.000052	0.000191	0.000178	-0.000056	-0.000435	-0.002179	-0.000013	0.000364	-0.002187	-0.000011	-0.000174	-0.009976	-0.003892	
0.000178	0.000004	0.000064	0.000285	-0.000050	-0.000085	0.000062	0.000356	-0.000103	0.000041	-0.000364	0.000108	0.000126	0.003899	0.000321	-0.000040	-0.003978	-0.000337	-0.001789	0.000247	0.000087	
0.000002	0.000686	0.003548	-0.000050	-0.005720	-0.006569	0.000288	-0.000171	0.000149	-0.000294	-0.000157	0.000129	0.003817	0.002229	0.002425	-0.003901	0.002350	0.002521	0.000257	0.013120	0.005198	
0.000001	-0.000093	0.007735	-0.000085	-0.006569	-0.008829	0.000353	-0.000273	0.000071	-0.000362	-0.000277	0.000070	0.000837	0.005211	0.000568	-0.000763	0.005320	0.000612	0.000226	0.013005	0.002454	
-0.000395	-0.000082	-0.000188	0.000062	0.000288	0.000353	0.000975	0.000416	-0.000155	0.000329	-0.000080	-0.000035	-0.000110	-0.000073	0.000016	-0.000024	-0.000118	-0.000074	-0.000026	-0.000854	-0.000323	
-0.000229	0.000967	0.000222	0.000356	-0.000171	-0.000273	0.000416	-0.002675	0.000099	0.000048	0.000207	0.000007	-0.000309	0.001309	-0.000269	-0.000483	-0.001633	0.000173	-0.000108	0.000044	0.000169	
0.000137	-0.000079	-0.000052	-0.000103	0.000149	0.000071	-0.000155	0.000099	-0.000186	0.000033	-0.000019	0.000079	-0.000003	0.000120	0.000032	-0.000024	-0.000451	-0.000005	0.000030	0.000009	0.000016	
-0.000375	0.000047	0.000191	0.000041	-0.000294	-0.000362	0.000329	0.000048	0.000033	0.000913	-0.000237	0.000178	-0.000006	0.000057	0.000081	-0.000096	0.000128	-0.000025	0.000007	0.000857	0.000330	
0.000198	0.000964	0.000178	-0.000364	-0.000157	-0.000277	-0.000080	0.000207	-0.000019	-0.000237	-0.002669	0.000296	0.000405	-0.001649	0.000172	0.000375	0.001301	-0.000270	0.000109	0.000025	0.000161	
-0.000146	-0.000125	-0.000056	0.000108	0.000129	0.000070	-0.000035	0.000007	0.000079	0.000178	0.000296	-0.000178	0.000012	-0.000445	-0.000004	0.000005	0.000118	0.000031	-0.000029	0.000011	0.000016	
0.000005	-0.000085	-0.000435	0.000126	0.003817	0.000837	-0.000110	-0.000309	-0.000003	-0.000006	0.000405	0.000012	-0.000681	-0.013946	-0.001432	0.000475	0.001395	0.000339	-0.000129	-0.000424	-0.000302	
-0.000336	-0.000580	-0.002179	0.003899	0.002229	0.005211	-0.000073	0.001309	0.000120	0.000057	-0.001649	-0.000445	-0.013946	0.004395	-0.007926	-0.001487	-0.001395	-0.001569	0.003153	-0.008350	-0.000643	
0.000060	0.000401	-0.000013	0.000321	0.002425	0.000568	0.000016	-0.000269	0.000032	0.000081	0.000172	-0.000004	-0.001432	-0.007926	-0.002136	-0.000396	-0.001532	-0.000170	0.000416	-0.000198	0.000361	
0.000016	0.000064	0.000364	-0.000040	-0.003901	-0.000763	-0.000024	-0.000483	-0.000024	-0.000096	0.000375	0.000005	0.000475	-0.001487	-0.000396	-0.000046	0.014651	0.001509	-0.000223	0.000183	0.000280	
0.000316	-0.000592	-0.002187	-0.003978	0.002350	0.005320	-0.000118	-0.001633	-0.000451	0.000128	0.001301	0.000118	0.001395	-0.001395	-0.001532	0.014651	0.003839	-0.008308	-0.003417	-0.008180	-0.000637	
-0.000047	0.000419	-0.000011	-0.000337	0.002521	0.000612	-0.000074	0.000173	-0.000005	-0.000025	-0.000270	0.000031	0.000339	-0.001569	-0.000170	0.001509	-0.008308	-0.002299	-0.000423	-0.000170	0.000361	
0.000133	-0.000027	-0.000174	-0.001789	0.000257	0.000226	-0.000026	-0.000108	0.000030	0.000007	0.000109	-0.000029	-0.000129	0.003153	0.000416	-0.000223	-0.003417	-0.000423	0.006086	-0.000530	-0.000173	
-0.000025	-0.001410	-0.009976	0.000247	0.013120	0.013005	-0.000854	0.000044	0.000009	0.000857	0.000025	0.000011	-0.000424	-0.008350	-0.000198	0.000183	-0.008180	-0.000170	-0.000530	-0.023943	-0.010103	
-0.000033	-0.001994	-0.003892	0.000087	0.005198	0.002454	-0.000323	0.000169	0.000016	0.000330	0.000161	0.000016	-0.000302	-0.000643	0.000361	0.000280	-0.000637	0.000361	-0.000173	-0.010103	0.004208	

step=12

0.000002	0.000028	0.000007	0.000203	0.000001	0.000002	-0.000446	-0.000259	0.000159	-0.000422	0.000204	-0.000168	0.000002	-0.000350	0.000062	0.000014	0.000329	-0.000049	0.000139	-0.000025	-0.000035	
0.000028	-0.000577	0.000484	0.000003	0.000729	-0.000069	-0.000109	0.001069	-0.000064	0.000050	0.001068	-0.000125	-0.000099	-0.000605	0.000416	0.000077	-0.000617	0.000436	-0.000028	-0.001439	-0.002094	
0.000007	0.000484	-0.007053	0.000070	0.003850	0.008322	-0.000191	0.000241	-0.000056	0.000193	0.000181	-0.000063	-0.000473	-0.002329	-0.000022	0.000397	-0.002334	-0.000019	-0.000190	-0.010713	-0.004217	
0.000203	0.000003	0.000070	0.000319	-0.000050	-0.000091	0.000063	0.000360	-0.000110	0.000042	-0.000369	0.000115	0.000112	0.004015	0.000323	-0.000049	-0.004107	-0.000350	-0.001972	0.000262	0.000093	
0.000001	0.000729	0.003850	-0.000050	-0.005949	-0.007006	0.000312	-0.000194	0.000157	-0.000319	-0.000179	0.000133	0.003977	0.002376	0.002507	-0.004076	0.002494	0.002610	0.000275	0.013516	0.005483	
0.000002	-0.000069	0.008322	-0.000091	-0.007006	-0.009501	0.000382	-0.000281	0.000077	-0.000391	-0.000283	0.000076	0.000886	0.005476	0.000617	-0.000816	0.005590	0.000666	0.000246	0.013910	0.002635	
-0.000446	-0.000109	-0.000191	0.000063	0.000312	0.000382	0.001130	0.000516	-0.000217	0.000351	-0.000092	-0.000038	-0.000117	-0.000081	0.000018	-0.000022	-0.000132	-0.000078	-0.000027	-0.000911	-0.000347	
-0.000259	0.001069	0.000241	0.000360	-0.000194	-0.000281	0.000516	-0.002918	0.000041	0.000050	0.000190	0.000005	-0.000313	0.001415	-0.000271	-0.000493	-0.001765	0.000184	-0.000108	0.000056	0.000178	
0.000159	-0.000064	-0.000056	-0.000110	0.000157	0.000077	-0.000217	0.000041	-0.000193	0.000036	-0.000027	0.000084	-0.000003	0.000121	0.000034	-0.000022	-0.000459	-0.000006	0.000032	0.000003	0.000014	
-0.000422	0.000050	0.000193	0.000042	-0.000319	-0.000391	0.000351	0.000050	0.000036	0.001053	-0.000243	0.000240	-0.000004	0.000062	0.000085	-0.000102	0.000143	-0.000026	0.000009	0.000915	0.000354	
0.000204	0.001068	0.000181	-0.000369	-0.000179	-0.000283	-0.000092	0.000190	-0.000027	-0.000243	-0.002915	0.000297	0.000409	-0.001781	0.000184	0.000385	0.001406	-0.000271	0.000110	0.000034	0.000168	
-0.000168	-0.000125	-0.000063	0.000115	0.000133	0.000076	-0.000038	0.000005	0.000084	0.000240	0.000297	-0.000170	0.000009	-0.000452	-0.000006	0.000006	0.000119	0.000033	-0.000032	0.000005	0.000014	
0.000002	-0.000099	-0.000473	0.000112	0.003977	0.000886	-0.000117	-0.000313	-0.000003	-0.000004	0.000409	0.000009	-0.000635	-0.014431	-0.001455	0.000498	0.001448	0.000358	-0.000137	-0.000493	-0.000325	
-0.000350	-0.000605	-0.002329	0.004015	0.002376	0.005476	-0.000081	0.001415	0.000121	0.000062	-0.001781	-0.000452	-0.014431	0.004555	-0.008168	-0.001549	-0.001475	-0.001657	0.003349	-0.008826	-0.000705	
0.000062	0.000416	-0.000022	0.000323	0.002507	0.000617	0.000018	-0.000271	0.000034	0.000085	0.000184	-0.000006	-0.001455	-0.008168	-0.002268	-0.000417	-0.001616	-0.000188	0.000441	-0.000215	0.000378	
0.000014	0.000077	0.000397	-0.000049	-0.004076	-0.000816	-0.000022	-0.000493	-0.000022	-0.000102	0.000385	0.000006	0.000498	-0.001549	-0.000417	-0.000023	0.015209	0.001579	-0.000235	0.000244	0.000302	
0.000329	-0.000617	-0.002334	-0.004107	0.002494	0.005590	-0.000132	-0.001765	-0.000459	0.000143	0.001406	0.000119	0.001448	-0.001475	-0.001616	0.015209	0.003981	-0.008587	-0.003631	-0.008623	-0.000693	
-0.000049	0.000436	-0.000019	-0.000350	0.002610	0.000666	-0.000078	0.000184	-0.000006	-0.000026	-0.000271	0.000033	0.000358	-0.001657	-0.000188	0.001579	-0.008587	-0.002453	-0.000450	-0.000181	0.000378	
0.000139	-0.000028	-0.000190	-0.001972	0.000275	0.000246	-0.000027	-0.000108	0.000032	0.000009	0.000110	-0.000032	-0.000137	0.003349	0.000441	-0.000235	-0.003631	-0.000450	0.006713	-0.000571	-0.000186	
-0.000025	-0.001439	-0.010713	0.000262	0.013516	0.013910	-0.000911	0.000056	0.000003	0.000915	0.000034	0.000005	-0.000493	-0.008826	-0.000215	0.000244	-0.008623	-0.000181	-0.000571	-0.024315	-0.010645	
-0.000035	-0.002094	-0.004217	0.000093	0.005483	0.002635	-0.000347	0.000178	0.000014	0.000354	0.000168	0.000014	-0.000325	-0.000705	0.000378	0.000302	-0.000693	0.000378	-0.000186	-0.010645	0.004674	

step=13

0.000073	0.000002	0.000007	0.000247	0.000007	0.000000	-0.000639	-0.000249	0.000287	-0.000617	0.000268	-0.000289	-0.000004	-0.000364	0.000060	0.000011	0.000343	-0.000046	0.000145	-0.000027	-0.000036	
0.000002	-0.000690	0.000477	0.000007	0.000790	-0.000047	-0.000092	0.001198	-0.000066	0.000110	0.001191	-0.000092	-0.000114	-0.000624	0.000431	0.000093	-0.000640	0.000439	-0.000027	-0.001468	-0.002198	
0.000007	0.000477	-0.007347	0.000071	0.004153	0.008753	-0.000083	0.000244	-0.000114	0.000092	0.000210	-0.000112	-0.000514	-0.002474	-0.000034	0.000429	-0.002483	-0.000031	-0.000191	-0.011476	-0.004559	
0.000247	0.000007	0.000071	0.000285	-0.000100	-0.000094	0.000065	0.000361	-0.000107	0.000042	-0.000370	0.000113	0.000188	0.004096	0.000386	0.000031	-0.004037	-0.000408	-0.002162	0.000271	0.000097	
0.000007	0.000790	0.004153	-0.000100	-0.006261	-0.007428	0.000336	-0.000217	0.000153	-0.000345	-0.000196	0.000143	0.004126	0.002509	0.002564	-0.004069	0.002669	0.002592	0.000273	0.014113	0.005847	
0.000000	-0.000047	0.008753	-0.000094	-0.007428	-0.010024	0.000409	-0.000294	0.000076	-0.000419	-0.000284	0.000077	0.000987	0.005709	0.000673	-0.000902	0.005748	0.000713	0.000248	0.014913	0.002850	
-0.000639	-0.000092	-0.000083	0.000065	0.000336	0.000409	0.001796	0.000453	-0.000666	0.000357	-0.000087	-0.000027	-0.000121	-0.000094	0.000017	-0.000018	-0.000145	-0.000082	-0.000026	-0.000969	-0.000371	
-0.000249	0.001198	0.000244	0.000361	-0.000217	-0.000294	0.000453	-0.003264	0.000068	0.000069	0.000177	-0.000011	-0.000320	0.001518	-0.000262	-0.000478	-0.001893	0.000184	-0.000109	0.000079	0.000191	
0.000287	-0.000066	-0.000114	-0.000107	0.000153	0.000076	-0.000666	0.000068	-0.000008	0.000026	-0.000024	0.000098	-0.000002	0.000121	0.000036	-0.000018	-0.000459	-0.000007	0.000034	-0.000006	0.000011	
-0.000617	0.000110	0.000092	0.000042	-0.000345	-0.000419	0.000357	0.000069	0.000026	0.001726	-0.000462	0.000658	0.000001	0.000076	0.000089	-0.000105	0.000153	-0.000025	0.000010	0.000973	0.000379	
0.000268	0.001191	0.000210	-0.000370	-0.000196	-0.000284	-0.000087	0.000177	-0.000024	-0.000462	-0.003248	0.000176	0.000416	-0.001912	0.000187	0.000375	0.001506	-0.000260	0.000111	0.000043	0.000178	
-0.000289	-0.000092	-0.000112	0.000113	0.000143	0.000077	-0.000027	-0.000011	0.000098	0.000658	0.000176	-0.000015	0.000004	-0.000458	-0.000007	0.000005	0.000121	0.000036	-0.000035	-0.000005	0.000010	
-0.000004	-0.000114	-0.000514	0.000188	0.004126	0.000987	-0.000121	-0.000320	-0.000002	0.000001	0.000416	0.000004	-0.000898	-0.014862	-0.001672	0.000522	0.001490	0.000386	-0.000147	-0.000567	-0.000349	
-0.000364	-0.000624	-0.002474	0.004096	0.002509	0.005709	-0.000094	0.001518	0.000121	0.000076	-0.001912	-0.000458	-0.014862	0.004766	-0.008330	-0.001567	-0.001569	-0.001727	0.003567	-0.009307	-0.000768	
0.000060	0.000431	-0.000034	0.000386	0.002564	0.000673	0.000017	-0.000262	0.000036	0.000089	0.000187	-0.000007	-0.001672	-0.008330	-0.002423	-0.000443	-0.001703	-0.000209	0.000468	-0.000227	0.000395	
0.000011	0.000093	0.000429	0.000031	-0.004069	-0.000902	-0.000018	-0.000478	-0.000018	-0.000105	0.000375	0.000005	0.000522	-0.001567	-0.000443	-0.000294	0.015114	0.001765	-0.000254	0.000275	0.000322	
0.000343	-0.000640	-0.002483	-0.004037	0.002669	0.005748	-0.000145	-0.001893	-0.000459	0.000153	0.001506	0.000121	0.001490	-0.001569	-0.001703	0.015114	0.004114	-0.008458	-0.003864	-0.009160	-0.000768	
-0.000046	0.000439	-0.000031	-0.000408	0.002592	0.000713	-0.000082	0.000184	-0.000007	-0.000025	-0.000260	0.000036	0.000386	-0.001727	-0.000209	0.001765	-0.008458	-0.002570	-0.000475	-0.000200	0.000397	
0.000145	-0.000027	-0.000191	-0.002162	0.000273	0.000248	-0.000026	-0.000109	0.000034	0.000010	0.000111	-0.000035	-0.000147	0.003567	0.000468	-0.000254	-0.003864	-0.000475	0.007378	-0.000555	-0.000189	
-0.000027	-0.001468	-0.011476	0.000271	0.014113	0.014913	-0.000969	0.000079	-0.000006	0.000973	0.000043	-0.000005	-0.000567	-0.009307	-0.000227	0.000275	-0.009160	-0.000200	-0.000555	-0.025288	-0.011422	
-0.000036	-0.002198	-0.004559	0.000097	0.005847	0.002850	-0.000371	0.000191	0.000011	0.000379	0.000178	0.000010	-0.000349	-0.000768	0.000395	0.000322	-0.000768	0.000397	-0.000189	-0.011422	0.005085	

step=14

0.000059	-0.000006	0.000007	0.000287	0.000008	0.000000	-0.000682	-0.000253	0.000307	-0.000657	0.000294	-0.000307	-0.000008	-0.000378	0.000061	0.000008	0.000357	-0.000047	0.000150	-0.000027	-0.000038	
-0.000006	-0.000793	0.000470	0.000008	0.000851	-0.000021	-0.000092	0.001313	-0.000064	0.000134	0.001305	-0.000081	-0.000129	-0.000649	0.000446	0.000109	-0.000666	0.000452	-0.000027	-0.001501	-0.002305	
0.000007	0.000470	-0.007785	0.000075	0.004481	0.009308	-0.000087	0.000249	-0.000126	0.000096	0.000223	-0.000121	-0.000556	-0.002631	-0.000048	0.000465	-0.002642	-0.000045	-0.000203	-0.012284	-0.004917	
0.000287	0.000008	0.000075	0.000295	-0.000112	-0.000099	0.000065	0.000364	-0.000111	0.000041	-0.000373	0.000117	0.000204	0.004190	0.000404	0.000052	-0.004109	-0.000433	-0.002370	0.000288	0.000104	
0.000008	0.000851	0.004481	-0.000112	-0.006669	-0.007935	0.000361	-0.000243	0.000158	-0.000370	-0.000221	0.000149	0.004280	0.002673	0.002641	-0.004201	0.002844	0.002658	0.000290	0.015023	0.006310	
0.000000	-0.000021	0.009308	-0.000099	-0.007935	-0.010683	0.000440	-0.000302	0.000081	-0.000450	-0.000291	0.000082	0.001050	0.005974	0.000722	-0.000964	0.006004	0.000767	0.000265	0.016066	0.003093	
-0.000682	-0.000092	-0.000087	0.000065	0.000361	0.000440	0.001927	0.000455	-0.000720	0.000375	-0.000092	-0.000030	-0.000126	-0.000106	0.000017	-0.000015	-0.000157	-0.000085	-0.000026	-0.001028	-0.000396	
-0.000253	0.001313	0.000249	0.000364	-0.000243	-0.000302	0.000455	-0.003536	0.000063	0.000076	0.000155	-0.000017	-0.000323	0.001635	-0.000258	-0.000481	-0.002040	0.000193	-0.000110	0.000097	0.000202	
0.000307	-0.000064	-0.000126	-0.000111	0.000158	0.000081	-0.000720	0.000063	0.000008	0.000029	-0.000028	0.000102	-0.000002	0.000122	0.000039	-0.000015	-0.000465	-0.000007	0.000036	-0.000016	0.000007	
-0.000657	0.000134	0.000096	0.000041	-0.000370	-0.000450	0.000375	0.000076	0.000029	0.001850	-0.000543	0.000720	0.000005	0.000085	0.000092	-0.000110	0.000167	-0.000025	0.000011	0.001032	0.000403	
0.000294	0.001305	0.000223	-0.000373	-0.000221	-0.000291	-0.000092	0.000155	-0.000028	-0.000543	-0.003517	0.000137	0.000416	-0.002060	0.000195	0.000380	0.001623	-0.000256	0.000112	0.000059	0.000188	
-0.000307	-0.000081	-0.000121	0.000117	0.000149	0.000082	-0.000030	-0.000017	0.000102	0.000720	0.000137	0.000000	0.000001	-0.000464	-0.000008	0.000005	0.000123	0.000038	-0.000037	-0.000015	0.000006	
-0.000008	-0.000129	-0.000556	0.000204	0.004280	0.001050	-0.000126	-0.000323	-0.000002	0.000005	0.000416	0.000001	-0.000929	-0.015308	-0.001741	0.000538	0.001538	0.000409	-0.000156	-0.000646	-0.000373	
-0.000378	-0.000649	-0.002631	0.004190	0.002673	0.005974	-0.000106	0.001635	0.000122	0.000085	-0.002060	-0.000464	-0.015308	0.004945	-0.008536	-0.001615	-0.001655	-0.001818	0.003792	-0.009847	-0.000839	
0.000061	0.000446	-0.000048	0.000404	0.002641	0.000722	0.000017	-0.000258	0.000039	0.000092	0.000195	-0.000008	-0.001741	-0.008536	-0.002531	-0.000469	-0.001797	-0.000229	0.000496	-0.000258	0.000409	
0.000008	0.000109	0.000465	0.000052	-0.004201	-0.000964	-0.000015	-0.000481	-0.000015	-0.000110	0.000380	0.000005	0.000538	-0.001615	-0.000469	-0.000348	0.015503	0.001858	-0.000270	0.000334	0.000345	
0.000357	-0.000666	-0.002642	-0.004109	0.002844	0.006004	-0.000157	-0.002040	-0.000465	0.000167	0.001623	0.000123	0.001538	-0.001655	-0.001797	0.015503	0.004260	-0.008620	-0.004106	-0.009701	-0.000843	
-0.000047	0.000452	-0.000045	-0.000433	0.002658	0.000767	-0.000085	0.000193	-0.000007	-0.000025	-0.000256	0.000038	0.000409	-0.001818	-0.000229	0.001858	-0.008620	-0.002701	-0.000504	-0.000232	0.000411	
0.000150	-0.000027	-0.000203	-0.002370	0.000290	0.000265	-0.000026	-0.000110	0.000036	0.000011	0.000112	-0.000037	-0.000156	0.003792	0.000496	-0.000270	-0.004106	-0.000504	0.008102	-0.000594	-0.000205	
-0.000027	-0.001501	-0.012284	0.000288	0.015023	0.016066	-0.001028	0.000097	-0.000016	0.001032	0.000059	-0.000015	-0.000646	-0.009847	-0.000258	0.000334	-0.009701	-0.000232	-0.000594	-0.027266	-0.012528	
-0.000038	-0.002305	-0.004917	0.000104	0.006310	0.003093	-0.000396	0.000202	0.000007	0.000403	0.000188	0.000006	-0.000373	-0.000839	0.000409	0.000345	-0.000843	0.000411	-0.000205	-0.012528	0.005461	

step=15

0.000041	-0.000010	0.000007	0.000331	0.000009	0.000000	-0.000729	-0.000260	0.000327	-0.000700	0.000317	-0.000325	-0.000012	-0.000394	0.000062	0.000005	0.000372	-0.000047	0.000154	-0.000028	-0.000040	
-0.000010	-0.000907	0.000462	0.000008	0.000919	0.000007	-0.000097	0.001437	-0.000059	0.000154	0.001429	-0.000071	-0.000146	-0.000676	0.000461	0.000124	-0.000694	0.000466	-0.000028	-0.001537	-0.002416	
0.000007	0.000462	-0.008230	0.000080	0.004815	0.009875	-0.000090	0.000255	-0.000137	0.000101	0.000234	-0.000132	-0.000601	-0.002791	-0.000064	0.000504	-0.002804	-0.000061	-0.000215	-0.013101	-0.005281	
0.000331	0.000008	0.000080	0.000309	-0.000122	-0.000105	0.000065	0.000366	-0.000115	0.000040	-0.000377	0.000121	0.000215	0.004281	0.000422	0.000067	-0.004184	-0.000453	-0.002595	0.000308	0.000111	
0.000009	0.000919	0.004815	-0.000122	-0.007143	-0.008470	0.000386	-0.000272	0.000163	-0.000396	-0.000249	0.000156	0.004437	0.002842	0.002722	-0.004342	0.003024	0.002731	0.000308	0.016133	0.006841	
0.000000	0.000007	0.009875	-0.000105	-0.008470	-0.011358	0.000470	-0.000310	0.000087	-0.000481	-0.000299	0.000088	0.001117	0.006242	0.000774	-0.001027	0.006268	0.000823	0.000283	0.017301	0.003346	
-0.000729	-0.000097	-0.000090	0.000065	0.000386	0.000470	0.002067	0.000472	-0.000782	0.000396	-0.000097	-0.000034	-0.000132	-0.000117	0.000017	-0.000012	-0.000170	-0.000089	-0.000026	-0.001084	-0.000420	
-0.000260	0.001437	0.000255	0.000366	-0.000272	-0.000310	0.000472	-0.003830	0.000049	0.000083	0.000130	-0.000024	-0.000324	0.001760	-0.000252	-0.000483	-0.002198	0.000201	-0.000111	0.000117	0.000214	
0.000327	-0.000059	-0.000137	-0.000115	0.000163	0.000087	-0.000782	0.000049	0.000031	0.000033	-0.000033	0.000107	-0.000002	0.000124	0.000041	-0.000012	-0.000471	-0.000008	0.000038	-0.000030	0.000002	
-0.000700	0.000154	0.000101	0.000040	-0.000396	-0.000481	0.000396	0.000083	0.000033	0.001974	-0.000611	0.000782	0.000008	0.000093	0.000096	-0.000116	0.000182	-0.000025	0.000013	0.001089	0.000428	
0.000317	0.001429	0.000234	-0.000377	-0.000249	-0.000299	-0.000097	0.000130	-0.000033	-0.000611	-0.003809	0.000103	0.000415	-0.002218	0.000203	0.000384	0.001748	-0.000250	0.000114	0.000078	0.000199	
-0.000325	-0.000071	-0.000132	0.000121	0.000156	0.000088	-0.000034	-0.000024	0.000107	0.000782	0.000103	0.000015	-0.000003	-0.000470	-0.000008	0.000005	0.000124	0.000041	-0.000039	-0.000029	0.000002	
-0.000012	-0.000146	-0.000601	0.000215	0.004437	0.001117	-0.000132	-0.000324	-0.000002	0.000008	0.000415	-0.000003	-0.000967	-0.015753	-0.001811	0.000552	0.001586	0.000432	-0.000166	-0.000730	-0.000399	
-0.000394	-0.000676	-0.002791	0.004281	0.002842	0.006242	-0.000117	0.001760	0.000124	0.000093	-0.002218	-0.000470	-0.015753	0.005130	-0.008739	-0.001666	-0.001741	-0.001916	0.004030	-0.010405	-0.000908	
0.000062	0.000461	-0.000064	0.000422	0.002722	0.000774	0.000017	-0.000252	0.000041	0.000096	0.000203	-0.000008	-0.001811	-0.008739	-0.002655	-0.000497	-0.001896	-0.000251	0.000527	-0.000299	0.000422	
0.000005	0.000124	0.000504	0.000067	-0.004342	-0.001027	-0.000012	-0.000483	-0.000012	-0.000116	0.000384	0.000005	0.000552	-0.001666	-0.000497	-0.000387	0.015917	0.001943	-0.000286	0.000400	0.000368	
0.000372	-0.000694	-0.002804	-0.004184	0.003024	0.006268	-0.000170	-0.002198	-0.000471	0.000182	0.001748	0.000124	0.001586	-0.001741	-0.001896	0.015917	0.004412	-0.008792	-0.004361	-0.010262	-0.000915	
-0.000047	0.000466	-0.000061	-0.000453	0.002731	0.000823	-0.000089	0.000201	-0.000008	-0.000025	-0.000250	0.000041	0.000432	-0.001916	-0.000251	0.001943	-0.008792	-0.002833	-0.000536	-0.000275	0.000423	
0.000154	-0.000028	-0.000215	-0.002595	0.000308	0.000283	-0.000026	-0.000111	0.000038	0.000013	0.000114	-0.000039	-0.000166	0.004030	0.000527	-0.000286	-0.004361	-0.000536	0.008887	-0.000640	-0.000224	
-0.000028	-0.001537	-0.013101	0.000308	0.016133	0.017301	-0.001084	0.000117	-0.000030	0.001089	0.000078	-0.000029	-0.000730	-0.010405	-0.000299	0.000400	-0.010262	-0.000275	-0.000640	-0.029892	-0.013860	
-0.000040	-0.002416	-0.005281	0.000111	0.006841	0.003346	-0.000420	0.000214	0.000002	0.000428	0.000199	0.000002	-0.000399	-0.000908	0.000422	0.000368	-0.000915	0.000423	-0.000224	-0.013860	0.005828	

step=16

0.000021	-0.000014	0.000007	0.000378	0.000009	0.000001	-0.000776	-0.000270	0.000345	-0.000745	0.000339	-0.000345	-0.000016	-0.000409	0.000062	0.000002	0.000387	-0.000048	0.000157	-0.000029	-0.000042	
-0.000014	-0.001032	0.000453	0.000009	0.000995	0.000036	-0.000103	0.001571	-0.000053	0.000172	0.001562	-0.000061	-0.000163	-0.000704	0.000476	0.000141	-0.000724	0.000480	-0.000028	-0.001575	-0.002529	
0.000007	0.000453	-0.008667	0.000085	0.005139	0.010433	-0.000090	0.000263	-0.000150	0.000101	0.000245	-0.000144	-0.000646	-0.002949	-0.000083	0.000544	-0.002965	-0.000080	-0.000227	-0.013887	-0.005638	
0.000378	0.000009	0.000085	0.000322	-0.000132	-0.000112	0.000065	0.000368	-0.000118	0.000039	-0.000379	0.000124	0.000229	0.004367	0.000440	0.000083	-0.004258	-0.000473	-0.002837	0.000328	0.000120	
0.000009	0.000995	0.005139	-0.000132	-0.007624	-0.008998	0.000409	-0.000303	0.000170	-0.000420	-0.000279	0.000163	0.004592	0.003007	0.002803	-0.004485	0.003202	0.002806	0.000328	0.017249	0.007377	
0.000001	0.000036	0.010433	-0.000112	-0.008998	-0.012018	0.000498	-0.000319	0.000093	-0.000509	-0.000307	0.000094	0.001187	0.006504	0.000830	-0.001090	0.006526	0.000879	0.000302	0.018521	0.003576	
-0.000776	-0.000103	-0.000090	0.000065	0.000409	0.000498	0.002206	0.000496	-0.000851	0.000416	-0.000104	-0.000038	-0.000138	-0.000128	0.000017	-0.000009	-0.000182	-0.000092	-0.000026	-0.001135	-0.000442	
-0.000270	0.001571	0.000263	0.000368	-0.000303	-0.000319	0.000496	-0.004143	0.000030	0.000089	0.000102	-0.000030	-0.000324	0.001893	-0.000244	-0.000485	-0.002365	0.000209	-0.000113	0.000140	0.000228	
0.000345	-0.000053	-0.000150	-0.000118	0.000170	0.000093	-0.000851	0.000030	0.000054	0.000037	-0.000038	0.000111	-0.000002	0.000126	0.000043	-0.000009	-0.000476	-0.000007	0.000039	-0.000046	-0.000003	
-0.000745	0.000172	0.000101	0.000039	-0.000420	-0.000509	0.000416	0.000089	0.000037	0.002113	-0.000674	0.000844	0.000012	0.000101	0.000100	-0.000121	0.000197	-0.000025	0.000015	0.001141	0.000450	
0.000339	0.001562	0.000245	-0.000379	-0.000279	-0.000307	-0.000104	0.000102	-0.000038	-0.000674	-0.004122	0.000071	0.000411	-0.002386	0.000210	0.000388	0.001880	-0.000242	0.000117	0.000100	0.000212	
-0.000345	-0.000061	-0.000144	0.000124	0.000163	0.000094	-0.000038	-0.000030	0.000111	0.000844	0.000071	0.000023	-0.000006	-0.000475	-0.000008	0.000005	0.000126	0.000043	-0.000041	-0.000045	-0.000004	
-0.000016	-0.000163	-0.000646	0.000229	0.004592	0.001187	-0.000138	-0.000324	-0.000002	0.000012	0.000411	-0.000006	-0.001006	-0.016191	-0.001888	0.000567	0.001636	0.000457	-0.000176	-0.000815	-0.000424	
-0.000409	-0.000704	-0.002949	0.004367	0.003007	0.006504	-0.000128	0.001893	0.000126	0.000101	-0.002386	-0.000475	-0.016191	0.005327	-0.008935	-0.001718	-0.001825	-0.002017	0.004281	-0.010955	-0.000966	
0.000062	0.000476	-0.000083	0.000440	0.002803	0.000830	0.000017	-0.000244	0.000043	0.000100	0.000210	-0.000008	-0.001888	-0.008935	-0.002779	-0.000525	-0.001998	-0.000274	0.000560	-0.000348	0.000435	
0.000002	0.000141	0.000544	0.000083	-0.004485	-0.001090	-0.000009	-0.000485	-0.000009	-0.000121	0.000388	0.000005	0.000567	-0.001718	-0.000525	-0.000426	0.016337	0.002028	-0.000302	0.000467	0.000390	
0.000387	-0.000724	-0.002965	-0.004258	0.003202	0.006526	-0.000182	-0.002365	-0.000476	0.000197	0.001880	0.000126	0.001636	-0.001825	-0.001998	0.016337	0.004573	-0.008963	-0.004629	-0.010816	-0.000978	
-0.000048	0.000480	-0.000080	-0.000473	0.002806	0.000879	-0.000092	0.000209	-0.000007	-0.000025	-0.000242	0.000043	0.000457	-0.002017	-0.000274	0.002028	-0.008963	-0.002957	-0.000571	-0.000324	0.000436	
0.000157	-0.000028	-0.000227	-0.002837	0.000328	0.000302	-0.000026	-0.000113	0.000039	0.000015	0.000117	-0.000041	-0.000176	0.004281	0.000560	-0.000302	-0.004629	-0.000571	0.009735	-0.000689	-0.000244	
-0.000029	-0.001575	-0.013887	0.000328	0.017249	0.018521	-0.001135	0.000140	-0.000046	0.001141	0.000100	-0.000045	-0.000815	-0.010955	-0.000348	0.000467	-0.010816	-0.000324	-0.000689	-0.032554	-0.015226	
-0.000042	-0.002529	-0.005638	0.000120	0.007377	0.003576	-0.000442	0.000228	-0.000003	0.000450	0.000212	-0.000004	-0.000424	-0.000966	0.000435	0.000390	-0.000978	0.000436	-0.000244	-0.015226	0.006250	

step=17

-0.000003	-0.000018	0.000006	0.000430	0.000010	0.000001	-0.000821	-0.000281	0.000366	-0.000792	0.000361	-0.000366	-0.000021	-0.000426	0.000063	-0.000001	0.000402	-0.000047	0.000159	-0.000029	-0.000043	
-0.000018	-0.001170	0.000443	0.000009	0.001078	0.000066	-0.000110	0.001714	-0.000045	0.000191	0.001705	-0.000051	-0.000180	-0.000734	0.000490	0.000158	-0.000754	0.000494	-0.000029	-0.001613	-0.002643	
0.000006	0.000443	-0.009078	0.000090	0.005437	0.010960	-0.000087	0.000270	-0.000161	0.000099	0.000255	-0.000155	-0.000689	-0.003097	-0.000102	0.000583	-0.003115	-0.000099	-0.000239	-0.014603	-0.005972	
0.000430	0.000009	0.000090	0.000337	-0.000141	-0.000120	0.000064	0.000369	-0.000121	0.000038	-0.000382	0.000128	0.000247	0.004448	0.000462	0.000099	-0.004329	-0.000491	-0.003096	0.000347	0.000127	
0.000010	0.001078	0.005437	-0.000141	-0.008054	-0.009486	0.000428	-0.000336	0.000177	-0.000440	-0.000312	0.000171	0.004741	0.003159	0.002883	-0.004623	0.003370	0.002880	0.000347	0.018191	0.007862	
0.000001	0.000066	0.010960	-0.000120	-0.009486	-0.012635	0.000523	-0.000327	0.000099	-0.000534	-0.000314	0.000100	0.001252	0.006749	0.000886	-0.001151	0.006768	0.000938	0.000320	0.019632	0.003753	
-0.000821	-0.000110	-0.000087	0.000064	0.000428	0.000523	0.002353	0.000522	-0.000921	0.000436	-0.000111	-0.000043	-0.000143	-0.000138	0.000016	-0.000005	-0.000194	-0.000095	-0.000026	-0.001176	-0.000460	
-0.000281	0.001714	0.000270	0.000369	-0.000336	-0.000327	0.000522	-0.004477	0.000008	0.000095	0.000070	-0.000037	-0.000323	0.002032	-0.000233	-0.000484	-0.002542	0.000215	-0.000116	0.000164	0.000241	
0.000366	-0.000045	-0.000161	-0.000121	0.000177	0.000099	-0.000921	0.000008	0.000070	0.000042	-0.000044	0.000116	-0.000002	0.000127	0.000045	-0.000005	-0.000481	-0.000007	0.000039	-0.000066	-0.000009	
-0.000792	0.000191	0.000099	0.000038	-0.000440	-0.000534	0.000436	0.000095	0.000042	0.002260	-0.000734	0.000906	0.000015	0.000107	0.000103	-0.000126	0.000211	-0.000024	0.000016	0.001182	0.000469	
0.000361	0.001705	0.000255	-0.000382	-0.000312	-0.000314	-0.000111	0.000070	-0.000044	-0.000734	-0.004457	0.000040	0.000406	-0.002563	0.000217	0.000391	0.002018	-0.000231	0.000120	0.000124	0.000225	
-0.000366	-0.000051	-0.000155	0.000128	0.000171	0.000100	-0.000043	-0.000037	0.000116	0.000906	0.000040	0.000046	-0.000010	-0.000480	-0.000007	0.000005	0.000127	0.000045	-0.000042	-0.000065	-0.000010	
-0.000021	-0.000180	-0.000689	0.000247	0.004741	0.001252	-0.000143	-0.000323	-0.000002	0.000015	0.000406	-0.000010	-0.001045	-0.016617	-0.001966	0.000582	0.001689	0.000483	-0.000186	-0.000890	-0.000444	
-0.000426	-0.000734	-0.003097	0.004448	0.003159	0.006749	-0.000138	0.002032	0.000127	0.000107	-0.002563	-0.000480	-0.016617	0.005543	-0.009120	-0.001775	-0.001904	-0.002121	0.004546	-0.011476	-0.001006	
0.000063	0.000490	-0.000102	0.000462	0.002883	0.000886	0.000016	-0.000233	0.000045	0.000103	0.000217	-0.000007	-0.001966	-0.009120	-0.002895	-0.000554	-0.002102	-0.000298	0.000595	-0.000399	0.000450	
-0.000001	0.000158	0.000583	0.000099	-0.004623	-0.001151	-0.000005	-0.000484	-0.000005	-0.000126	0.000391	0.000005	0.000582	-0.001775	-0.000554	-0.000464	0.016754	0.002105	-0.000319	0.000524	0.000409	
0.000402	-0.000754	-0.003115	-0.004329	0.003370	0.006768	-0.000194	-0.002542	-0.000481	0.000211	0.002018	0.000127	0.001689	-0.001904	-0.002102	0.016754	0.004743	-0.009126	-0.004911	-0.011341	-0.001021	
-0.000047	0.000494	-0.000099	-0.000491	0.002880	0.000938	-0.000095	0.000215	-0.000007	-0.000024	-0.000231	0.000045	0.000483	-0.002121	-0.000298	0.002105	-0.009126	-0.003080	-0.000608	-0.000376	0.000450	
0.000159	-0.000029	-0.000239	-0.003096	0.000347	0.000320	-0.000026	-0.000116	0.000039	0.000016	0.000120	-0.000042	-0.000186	0.004546	0.000595	-0.000319	-0.004911	-0.000608	0.010647	-0.000736	-0.000263	
-0.000029	-0.001613	-0.014603	0.000347	0.018191	0.019632	-0.001176	0.000164	-0.000066	0.001182	0.000124	-0.000065	-0.000890	-0.011476	-0.000399	0.000524	-0.011341	-0.000376	-0.000736	-0.034677	-0.016450	
-0.000043	-0.002643	-0.005972	0.000127	0.007862	0.003753	-0.000460	0.000241	-0.000009	0.000469	0.000225	-0.000010	-0.000444	-0.001006	0.000450	0.000409	-0.001021	0.000450	-0.000263	-0.016450	0.006776	

step=18

-0.000029	-0.000021	0.000006	0.000486	0.000010	0.000002	-0.000870	-0.000292	0.000388	-0.000837	0.000383	-0.000384	-0.000026	-0.000443	0.000063	-0.000005	0.000418	-0.000047	0.000161	-0.000030	-0.000045	
-0.000021	-0.001320	0.000434	0.000010	0.001167	0.000094	-0.000118	0.001866	-0.000037	0.000209	0.001859	-0.000041	-0.000198	-0.000763	0.000504	0.000175	-0.000784	0.000507	-0.000030	-0.001649	-0.002756	
0.000006	0.000434	-0.009449	0.000094	0.005695	0.011435	-0.000079	0.000277	-0.000175	0.000092	0.000264	-0.000168	-0.000729	-0.003227	-0.000121	0.000618	-0.003248	-0.000118	-0.000249	-0.015214	-0.006270	
0.000486	0.000010	0.000094	0.000352	-0.000148	-0.000127	0.000064	0.000370	-0.000124	0.000037	-0.000384	0.000130	0.000265	0.004524	0.000484	0.000114	-0.004397	-0.000509	-0.003371	0.000364	0.000134	
0.000010	0.001167	0.005695	-0.000148	-0.008402	-0.009908	0.000442	-0.000370	0.000186	-0.000455	-0.000346	0.000180	0.004878	0.003292	0.002958	-0.004753	0.003520	0.002950	0.000364	0.018872	0.008265	
0.000002	0.000094	0.011435	-0.000127	-0.009908	-0.013176	0.000540	-0.000334	0.000107	-0.000552	-0.000322	0.000107	0.001312	0.006966	0.000942	-0.001204	0.006983	0.000994	0.000335	0.020572	0.003856	
-0.000870	-0.000118	-0.000079	0.000064	0.000442	0.000540	0.002508	0.000551	-0.000991	0.000454	-0.000118	-0.000049	-0.000148	-0.000145	0.000016	-0.000002	-0.000203	-0.000098	-0.000026	-0.001202	-0.000473	
-0.000292	0.001866	0.000277	0.000370	-0.000370	-0.000334	0.000551	-0.004833	-0.000016	0.000102	0.000033	-0.000043	-0.000321	0.002177	-0.000220	-0.000482	-0.002728	0.000221	-0.000119	0.000189	0.000255	
0.000388	-0.000037	-0.000175	-0.000124	0.000186	0.000107	-0.000991	-0.000016	0.000093	0.000047	-0.000051	0.000122	-0.000002	0.000129	0.000047	-0.000002	-0.000486	-0.000007	0.000040	-0.000090	-0.000017	
-0.000837	0.000209	0.000092	0.000037	-0.000455	-0.000552	0.000454	0.000102	0.000047	0.002407	-0.000793	0.000975	0.000018	0.000110	0.000106	-0.000130	0.000222	-0.000024	0.000018	0.001209	0.000483	
0.000383	0.001859	0.000264	-0.000384	-0.000346	-0.000322	-0.000118	0.000033	-0.000051	-0.000793	-0.004813	0.000008	0.000398	-0.002749	0.000222	0.000394	0.002162	-0.000218	0.000124	0.000148	0.000238	
-0.000384	-0.000041	-0.000168	0.000130	0.000180	0.000107	-0.000049	-0.000043	0.000122	0.000975	0.000008	0.000070	-0.000014	-0.000484	-0.000007	0.000005	0.000129	0.000047	-0.000044	-0.000088	-0.000018	
-0.000026	-0.000198	-0.000729	0.000265	0.004878	0.001312	-0.000148	-0.000321	-0.000002	0.000018	0.000398	-0.000014	-0.001091	-0.017030	-0.002051	0.000598	0.001749	0.000510	-0.000195	-0.000944	-0.000457	
-0.000443	-0.000763	-0.003227	0.004524	0.003292	0.006966	-0.000145	0.002177	0.000129	0.000110	-0.002749	-0.000484	-0.017030	0.005781	-0.009295	-0.001838	-0.001974	-0.002226	0.004822	-0.011959	-0.001023	
0.000063	0.000504	-0.000121	0.000484	0.002958	0.000942	0.000016	-0.000220	0.000047	0.000106	0.000222	-0.000007	-0.002051	-0.009295	-0.003018	-0.000584	-0.002207	-0.000324	0.000632	-0.000447	0.000467	
-0.000005	0.000175	0.000618	0.000114	-0.004753	-0.001204	-0.000002	-0.000482	-0.000002	-0.000130	0.000394	0.000005	0.000598	-0.001838	-0.000584	-0.000503	0.017164	0.002175	-0.000337	0.000561	0.000421	
0.000418	-0.000784	-0.003248	-0.004397	0.003520	0.006983	-0.000203	-0.002728	-0.000486	0.000222	0.002162	0.000129	0.001749	-0.001974	-0.002207	0.017164	0.004924	-0.009284	-0.005203	-0.011825	-0.001040	
-0.000047	0.000507	-0.000118	-0.000509	0.002950	0.000994	-0.000098	0.000221	-0.000007	-0.000024	-0.000218	0.000047	0.000510	-0.002226	-0.000324	0.002175	-0.009284	-0.003204	-0.000647	-0.000424	0.000467	
0.000161	-0.000030	-0.000249	-0.003371	0.000364	0.000335	-0.000026	-0.000119	0.000040	0.000018	0.000124	-0.000044	-0.000195	0.004822	0.000632	-0.000337	-0.005203	-0.000647	0.011619	-0.000777	-0.000280	
-0.000030	-0.001649	-0.015214	0.000364	0.018872	0.020572	-0.001202	0.000189	-0.000090	0.001209	0.000148	-0.000088	-0.000944	-0.011959	-0.000447	0.000561	-0.011825	-0.000424	-0.000777	-0.035984	-0.017440	
-0.000045	-0.002756	-0.006270	0.000134	0.008265	0.003856	-0.000473	0.000255	-0.000017	0.000483	0.000238	-0.000018	-0.000457	-0.001023	0.000467	0.000421	-0.001040	0.000467	-0.000280	-0.017440	0.007430	

step=19

-0.000059	-0.000024	0.000006	0.000546	0.000011	0.000002	-0.000920	-0.000304	0.000408	-0.000881	0.000404	-0.000401	-0.000031	-0.000461	0.000062	-0.000009	0.000435	-0.000045	0.000161	-0.000030	-0.000047	
-0.000024	-0.001481	0.000427	0.000011	0.001261	0.000119	-0.000125	0.002029	-0.000028	0.000226	0.002021	-0.000030	-0.000216	-0.000792	0.000518	0.000191	-0.000814	0.000521	-0.000030	-0.001682	-0.002868	
0.000006	0.000427	-0.009761	0.000098	0.005899	0.011839	-0.000063	0.000283	-0.000193	0.000076	0.000272	-0.000184	-0.000763	-0.003332	-0.000140	0.000648	-0.003355	-0.000136	-0.000256	-0.015697	-0.006523	
0.000546	0.000011	0.000098	0.000366	-0.000154	-0.000135	0.000063	0.000371	-0.000126	0.000036	-0.000386	0.000133	0.000285	0.004596	0.000509	0.000130	-0.004464	-0.000532	-0.003662	0.000378	0.000139	
0.000011	0.001261	0.005899	-0.000154	-0.008671	-0.010251	0.000448	-0.000405	0.000195	-0.000462	-0.000381	0.000189	0.005001	0.003401	0.003028	-0.004870	0.003649	0.003017	0.000378	0.019307	0.008588	
0.000002	0.000119	0.011839	-0.000135	-0.010251	-0.013621	0.000549	-0.000340	0.000115	-0.000560	-0.000327	0.000115	0.001370	0.007146	0.000998	-0.001249	0.007163	0.001045	0.000348	0.021319	0.003876	
-0.000920	-0.000125	-0.000063	0.000063	0.000448	0.000549	0.002662	0.000580	-0.001060	0.000470	-0.000126	-0.000054	-0.000152	-0.000148	0.000017	-0.000000	-0.000209	-0.000100	-0.000025	-0.001210	-0.000480	
-0.000304	0.002029	0.000283	0.000371	-0.000405	-0.000340	0.000580	-0.005207	-0.000041	0.000108	-0.000010	-0.000051	-0.000318	0.002325	-0.000204	-0.000479	-0.002923	0.000225	-0.000124	0.000211	0.000267	
0.000408	-0.000028	-0.000193	-0.000126	0.000195	0.000115	-0.001060	-0.000041	0.000124	0.000053	-0.000058	0.000128	-0.000002	0.000130	0.000049	0.000002	-0.000490	-0.000006	0.000040	-0.000118	-0.000026	
-0.000881	0.000226	0.000076	0.000036	-0.000462	-0.000560	0.000470	0.000108	0.000053	0.002546	-0.000851	0.001053	0.000020	0.000110	0.000108	-0.000134	0.000231	-0.000024	0.000019	0.001217	0.000489	
0.000404	0.002021	0.000272	-0.000386	-0.000381	-0.000327	-0.000126	-0.000010	-0.000058	-0.000851	-0.005189	-0.000025	0.000389	-0.002943	0.000227	0.000395	0.002310	-0.000202	0.000129	0.000171	0.000250	
-0.000401	-0.000030	-0.000184	0.000133	0.000189	0.000115	-0.000054	-0.000051	0.000128	0.001053	-0.000025	0.000085	-0.000017	-0.000489	-0.000006	0.000004	0.000130	0.000050	-0.000044	-0.000116	-0.000027	
-0.000031	-0.000216	-0.000763	0.000285	0.005001	0.001370	-0.000152	-0.000318	-0.000002	0.000020	0.000389	-0.000017	-0.001153	-0.017431	-0.002152	0.000615	0.001816	0.000538	-0.000204	-0.000967	-0.000459	
-0.000461	-0.000792	-0.003332	0.004596	0.003401	0.007146	-0.000148	0.002325	0.000130	0.000110	-0.002943	-0.000489	-0.017431	0.006043	-0.009459	-0.001909	-0.002030	-0.002330	0.005108	-0.012397	-0.001014	
0.000062	0.000518	-0.000140	0.000509	0.003028	0.000998	0.000017	-0.000204	0.000049	0.000108	0.000227	-0.000006	-0.002152	-0.009459	-0.003142	-0.000615	-0.002310	-0.000351	0.000671	-0.000491	0.000489	
-0.000009	0.000191	0.000648	0.000130	-0.004870	-0.001249	-0.000000	-0.000479	0.000002	-0.000134	0.000395	0.000004	0.000615	-0.001909	-0.000615	-0.000542	0.017568	0.002260	-0.000356	0.000570	0.000424	
0.000435	-0.000814	-0.003355	-0.004464	0.003649	0.007163	-0.000209	-0.002923	-0.000490	0.000231	0.002310	0.000130	0.001816	-0.002030	-0.002310	0.017568	0.005121	-0.009436	-0.005504	-0.012260	-0.001032	
-0.000045	0.000521	-0.000136	-0.000532	0.003017	0.001045	-0.000100	0.000225	-0.000006	-0.000024	-0.000202	0.000050	0.000538	-0.002330	-0.000351	0.002260	-0.009436	-0.003320	-0.000688	-0.000466	0.000490	
0.000161	-0.000030	-0.000256	-0.003662	0.000378	0.000348	-0.000025	-0.000124	0.000040	0.000019	0.000129	-0.000044	-0.000204	0.005108	0.000671	-0.000356	-0.005504	-0.000688	0.012647	-0.000809	-0.000293	
-0.000030	-0.001682	-0.015697	0.000378	0.019307	0.021319	-0.001210	0.000211	-0.000118	0.001217	0.000171	-0.000116	-0.000967	-0.012397	-0.000491	0.000570	-0.012260	-0.000466	-0.000809	-0.036541	-0.018208	
-0.000047	-0.002868	-0.006523	0.000139	0.008588	0.003876	-0.000480	0.000267	-0.000026	0.000489	0.000250	-0.000027	-0.000459	-0.001014	0.000489	0.000424	-0.001032	0.000490	-0.000293	-0.018208	0.008206	

step=20

-0.000151	-0.000051	0.000011	0.001154	0.000023	0.000004	-0.001884	-0.000620	0.000834	-0.001812	0.000831	-0.000825	-0.000066	-0.000940	0.000123	-0.000022	0.000888	-0.000089	0.000321	-0.000061	-0.000096	
-0.000051	-0.003131	0.000850	0.000022	0.002617	0.000261	-0.000258	0.004226	-0.000047	0.000469	0.004211	-0.000048	-0.000448	-0.001613	0.001051	0.000398	-0.001657	0.001056	-0.000061	-0.003396	-0.005846	
0.000011	0.000850	-0.019800	0.000198	0.011973	0.024041	-0.000108	0.000571	-0.000404	0.000135	0.000550	-0.000386	-0.001555	-0.006755	-0.000296	0.001323	-0.006803	-0.000289	-0.000520	-0.031810	-0.013273	
0.001154	0.000022	0.000198	0.000746	-0.000314	-0.000276	0.000125	0.000743	-0.000253	0.000070	-0.000773	0.000267	0.000592	0.009262	0.001050	0.000278	-0.008994	-0.001086	-0.007621	0.000768	0.000284	
0.000023	0.002617	0.011973	-0.000314	-0.017575	-0.020803	0.000898	-0.000845	0.000400	-0.000927	-0.000796	0.000388	0.010116	0.006899	0.006124	-0.009850	0.007415	0.006099	0.000768	0.038941	0.017460	
0.000004	0.000261	0.024041	-0.000276	-0.020803	-0.027634	0.001101	-0.000684	0.000238	-0.001124	-0.000659	0.000238	0.002799	0.014453	0.002046	-0.002539	0.014486	0.002144	0.000706	0.043289	0.007730	
-0.001884	-0.000258	-0.000108	0.000125	0.000898	0.001101	0.005480	0.001190	-0.002198	0.000957	-0.000260	-0.000115	-0.000306	-0.000298	0.000034	0.000002	-0.000423	-0.000202	-0.000049	-0.002418	-0.000962	
-0.000620	0.004226	0.000571	0.000743	-0.000845	-0.000684	0.001190	-0.010798	-0.000109	0.000222	-0.000067	-0.000109	-0.000632	0.004800	-0.000392	-0.000953	-0.006044	0.000454	-0.000253	0.000443	0.000546	
0.000834	-0.000047	-0.000404	-0.000253	0.000400	0.000238	-0.002198	-0.000109	0.000279	0.000111	-0.000123	0.000260	-0.000004	0.000262	0.000100	0.000007	-0.000985	-0.000012	0.000079	-0.000266	-0.000062	
-0.001812	0.000469	0.000135	0.000070	-0.000927	-0.001124	0.000957	0.000222	0.000111	0.005232	-0.001759	0.002167	0.000042	0.000217	0.000218	-0.000271	0.000468	-0.000048	0.000039	0.002433	0.000982	
0.000831	0.004211	0.000550	-0.000773	-0.000796	-0.000659	-0.000260	-0.000067	-0.000123	-0.001759	-0.010764	-0.000083	0.000767	-0.006083	0.000457	0.000791	0.004769	-0.000388	0.000264	0.000362	0.000512	
-0.000825	-0.000048	-0.000386	0.000267	0.000388	0.000238	-0.000115	-0.000109	0.000260	0.002167	-0.000083	0.000186	-0.000039	-0.000982	-0.000012	0.000009	0.000262	0.000101	-0.000090	-0.000262	-0.000063	
-0.000066	-0.000448	-0.001555	0.000592	0.010116	0.002799	-0.000306	-0.000632	-0.000004	0.000042	0.000767	-0.000039	-0.002384	-0.035256	-0.004427	0.001245	0.003704	0.001102	-0.000418	-0.001943	-0.000916	
-0.000940	-0.001613	-0.006755	0.009262	0.006899	0.014453	-0.000298	0.004800	0.000262	0.000217	-0.006083	-0.000982	-0.035256	0.012362	-0.019077	-0.003892	-0.004108	-0.004762	0.010508	-0.025213	-0.002005	
0.000123	0.001051	-0.000296	0.001050	0.006124	0.002046	0.000034	-0.000392	0.000100	0.000218	0.000457	-0.000012	-0.004427	-0.019077	-0.006408	-0.001263	-0.004723	-0.000729	0.001383	-0.001021	0.001002	
-0.000022	0.000398	0.001323	0.000278	-0.009850	-0.002539	0.000002	-0.000953	0.000007	-0.000271	0.000791	0.000009	0.001245	-0.003892	-0.001263	-0.001115	0.035535	0.004613	-0.000731	0.001134	0.000845	
0.000888	-0.001657	-0.006803	-0.008994	0.007415	0.014486	-0.000423	-0.006044	-0.000985	0.000468	0.004769	0.000262	0.003704	-0.004108	-0.004723	0.035535	0.010446	-0.019021	-0.011313	-0.024931	-0.002043	
-0.000089	0.001056	-0.000289	-0.001086	0.006099	0.002144	-0.000202	0.000454	-0.000012	-0.000048	-0.000388	0.000101	0.001102	-0.004762	-0.000729	0.004613	-0.019021	-0.006749	-0.001416	-0.000971	0.001003	
0.000321	-0.000061	-0.000520	-0.007621	0.000768	0.000706	-0.000049	-0.000253	0.000079	0.000039	0.000264	-0.000090	-0.000418	0.010508	0.001383	-0.000731	-0.011313	-0.001416	0.026348	-0.001646	-0.000599	
-0.000061	-0.003396	-0.031810	0.000768	0.038941	0.043289	-0.002418	0.000443	-0.000266	0.002433	0.000362	-0.000262	-0.001943	-0.025213	-0.001021	0.001134	-0.024931	-0.000971	-0.001646	-0.073317	-0.037089	
-0.000096	-0.005846	-0.013273	0.000284	0.017460	0.007730	-0.000962	0.000546	-0.000062	0.000982	0.000512	-0.000063	-0.000916	-0.002005	0.001002	0.000845	-0.002043	0.001003	-0.000599	-0.037089	0.017246	

