Number_of_Atoms:         8
 Act_energy(kcal/mol):       0. 
 Initial_Temperature:        200
 Temperature_steps:          40
 Temperature_increment:      50
 Delta_Energy_rea:           0.
 Delta_Energy_pro:           0.
 Maxstep:                    1
 Npointsint:                 5 
 Maxtdev:                    0.5
 Rearrange(1=yes,0=no)       1
 SaddlePoint                 1
 internalcoord(1=yes)     0
 isct_vtst(1=vtst_sct,0=sct) 1
 zerocurvature(1)            0
 reduced_mass                1.0
 minimum_frequency            50
 anim_freq(if_Maxstep=1)       2
 onlyrotors(0=yes,1=no)        0
 proj_rea_coo(0=yes(def),1=no)            1
 numrotors                   1
 pivotA                      5
 pivotB                      1
 atomsintopA                 3
 topAatoms                   6           7           8
Step 1 
geometry 
      1          6           0        0.000000   -0.000000   -0.000000
      2          1           0       -0.000000   -0.000000    1.090246
      3          1           0        1.039055    0.000000   -0.330194
      4          1           0       -0.451226    0.935983   -0.330169
      5          6           0       -0.754882   -1.201808   -0.552234
      6          1           0       -1.794227   -1.201129   -0.223011
      7          1           0       -0.304300   -2.137800   -0.221243
      8          1           0       -0.753816   -1.202277   -1.642488
gradient
      1        6           0.000030707    0.000064070    0.000008860
      2        1           0.000016563    0.000030491    0.000020502
      3        1           0.000019918    0.000022416    0.000022376
      4        1           0.000018900    0.000028148    0.000014990
      5        6          -0.000009709   -0.000043209   -0.000023040
      6        1          -0.000025895   -0.000035976   -0.000013522
      7        1          -0.000019221   -0.000032612   -0.000013862
      8        1          -0.000031264   -0.000033328   -0.000016303
Hessian 
                1             2             3             4             5 
      1  0.549475E+00
      2 -0.360155E-01  0.514751E+00
      3 -0.165504E-01 -0.263997E-01  0.560124E+00
      4 -0.480937E-01  0.516421E-03  0.305822E-02  0.482566E-01
      5  0.542136E-03 -0.474847E-01  0.481433E-02  0.257952E-02  0.506651E-01
      6  0.227408E-02  0.356358E-02 -0.313297E+00 -0.127234E-02 -0.196160E-02
      7 -0.287450E+00  0.357084E-02  0.782739E-01  0.943791E-03  0.203191E-03
      8  0.476937E-02 -0.476075E-01 -0.880116E-03 -0.935656E-03 -0.115719E-02
      9  0.790702E-01 -0.497677E-03 -0.740292E-01  0.318173E-01 -0.106844E-02
     10 -0.960729E-01  0.970360E-01 -0.348577E-01 -0.494194E-03 -0.163176E-02
     11  0.958466E-01 -0.238922E+00  0.701322E-01 -0.474465E-03  0.246386E-03
     12 -0.348339E-01  0.710082E-01 -0.738789E-01 -0.147754E-01  0.282057E-01
     13 -0.111006E+00 -0.491018E-01 -0.225484E-01 -0.192150E-03  0.277564E-03
     14 -0.490944E-01 -0.158381E+00 -0.359551E-01  0.272510E-03  0.355943E-04
     15 -0.225640E-01 -0.359494E-01 -0.966920E-01 -0.181132E-01 -0.288480E-01
     16 -0.145689E-01  0.300731E-03  0.468470E-02  0.287577E-03  0.350147E-03
     17 -0.274454E-01  0.509580E-04  0.898719E-02  0.835153E-03  0.111731E-02
     18 -0.135789E-01  0.206156E-03  0.403467E-02 -0.137869E-03  0.759119E-03
     19  0.790365E-02 -0.165663E-01  0.606509E-02  0.494326E-03  0.928944E-03
     20  0.111048E-01 -0.224345E-01  0.814664E-02  0.451879E-03  0.909529E-03
     21  0.605111E-02 -0.121367E-01  0.405670E-02  0.743953E-03  0.205397E-03
     22 -0.186399E-03  0.259711E-03 -0.181255E-01 -0.120220E-02 -0.324974E-02
     23  0.292433E-03  0.273277E-04 -0.288455E-01 -0.324536E-02 -0.433203E-02
     24  0.131695E-03  0.205626E-03 -0.103179E-01 -0.132061E-02 -0.210643E-02
                6             7             8             9            10 
      6  0.339872E+00
      7 -0.155565E-03  0.312394E+00
      8  0.504152E-03 -0.110822E-02  0.507756E-01
      9 -0.910294E-02 -0.851470E-01  0.300165E-02  0.757977E-01
     10  0.538500E-03 -0.124299E-01  0.263839E-01 -0.109541E-01  0.100969E+00
     11  0.868370E-04 -0.689638E-04  0.258176E-03 -0.486659E-03 -0.103056E+00
     12 -0.912737E-02  0.433620E-02 -0.101017E-01  0.285285E-02  0.397250E-01
     13  0.128020E-03 -0.145681E-01 -0.274341E-01 -0.135845E-01  0.791015E-02
     14  0.209036E-03  0.295627E-03  0.454497E-04  0.196627E-03 -0.165746E-01
     15 -0.103112E-01  0.469110E-02  0.900218E-02  0.404087E-02  0.605450E-02
     16 -0.503608E-03  0.229105E-04 -0.299077E-02 -0.171499E-02  0.800915E-03
     17  0.107261E-03 -0.299380E-02 -0.434216E-02 -0.246369E-02  0.479123E-03
     18  0.488019E-03 -0.171214E-02 -0.246033E-02 -0.242663E-03  0.652493E-03
     19  0.314179E-03  0.796261E-03  0.479648E-03  0.652156E-03 -0.117368E-02
     20 -0.405208E-03 -0.250218E-03  0.905734E-03  0.559057E-03 -0.356509E-02
     21  0.495214E-03  0.217787E-03  0.825222E-03  0.191006E-03 -0.147165E-02
     22 -0.132326E-02  0.291195E-03  0.835815E-03 -0.138917E-03  0.490848E-03
     23 -0.210406E-02  0.351544E-03  0.112183E-02  0.759139E-03  0.928199E-03
     24  0.983515E-03 -0.504278E-03  0.108982E-03  0.492313E-03  0.313084E-03
               11            12            13            14            15 
     11  0.262178E+00
     12 -0.754111E-01  0.756568E-01
     13  0.111141E-01  0.605563E-02  0.549529E+00
     14 -0.224361E-01 -0.121256E-01 -0.360520E-01  0.514771E+00
     15  0.813466E-02  0.404924E-02 -0.165850E-01 -0.264230E-01  0.560077E+00
     16 -0.249657E-03  0.218957E-03 -0.287630E+00  0.372685E-02  0.780847E-01
     17  0.910434E-03  0.825849E-03  0.493174E-02 -0.476048E-01 -0.927426E-03
     18  0.560497E-03  0.193931E-03  0.788727E-01 -0.546566E-03 -0.738843E-01
     19 -0.356238E-02 -0.146980E-02 -0.959464E-01  0.969040E-01 -0.348953E-01
     20 -0.313916E-02 -0.260713E-02  0.957203E-01 -0.238946E+00  0.703166E-01
     21 -0.261127E-02 -0.238078E-03 -0.348726E-01  0.711991E-01 -0.740041E-01
     22  0.450567E-03  0.743344E-03 -0.480972E-01  0.521920E-03  0.332718E-02
     23  0.904917E-03  0.205803E-03  0.544157E-03 -0.474843E-01  0.469441E-02
     24 -0.405205E-03  0.491492E-03  0.253420E-02  0.344549E-02 -0.313275E+00
               16            17            18            19            20 
     16  0.312581E+00
     17 -0.127683E-02  0.507826E-01
     18 -0.849399E-01  0.304958E-02  0.756298E-01
     19 -0.124083E-01  0.263910E-01 -0.109827E-01  0.100816E+00
     20 -0.633561E-04  0.243529E-03 -0.481781E-03 -0.102917E+00  0.262201E+00
     21  0.431679E-02 -0.100778E-01  0.285152E-02  0.397696E-01 -0.756101E-01
     22  0.914430E-03 -0.920971E-03  0.318263E-01 -0.481386E-03 -0.480842E-03
     23  0.202877E-03 -0.115785E-02 -0.108668E-02 -0.165739E-02  0.259968E-03
     24 -0.146691E-03  0.499067E-03 -0.907101E-02  0.546705E-03  0.819433E-04
               21            22            23            24 
     21  0.758022E-01
     22 -0.147550E-01  0.482707E-01
     23  0.282063E-01  0.258354E-02  0.506602E-01
     24 -0.915447E-02 -0.155410E-02 -0.182948E-02  0.339851E+00
