 Number_of_Atoms:            7
 Act_energy(kcal/mol):       0. 
 Initial_Temperature:        200
 Temperature_steps:          40
 Temperature_increment:      40
 Delta_Energy_rea:           0.
 Delta_Energy_pro:           0.
 Maxstep:                    1
 Npointsint:                 5 
 Maxtdev:                    0.5
 Rearrange(1=yes,0=no)       1
 SaddlePoint                 1
 ds(1=noexp,0=standard)      0
 isct_vtst(1=vtst_sct,0=sct) 1
 zerocurvature(1)            0
 reduced_mass                1.0
 minimum_frequency            50
 anim_freq(if_Maxstep=1)       2
 onlyrotors(0=yes,1=no)        0
 proj_rea_coo(0=yes(def),1=no)            1
 numrotors            0
 Step           7
 geometry
  1   6   0  -0.00101  -0.06268  -0.71340                             
  2   6   0  -0.00091  -0.05579   0.62916                             
  3   1   0   0.92329  -0.06226  -1.27824                             
  4   1   0  -0.92477  -0.03143  -1.27826                             
  5   1   0   0.92008  -0.15888   1.19112                             
  6   1   0  -0.92481  -0.12844   1.19110                             
  7   1   0   0.02911   1.79171   1.17739                             
 gradient
      1        6          -0.000003964   -0.000213599   -0.000759217  
      2        6           0.000055862    0.003584978    0.001602881  
      3        1           0.000002878    0.000002837   -0.000031253  
      4        1          -0.000002794   -0.000002624   -0.000031625  
      5        1          -0.000016812   -0.000356100    0.000032962  
      6        1           0.000004550   -0.000361326    0.000032379  
      7        1          -0.000039722   -0.002654166   -0.000846128  
 Hessian
                1             2             3             4             5    
      1  0.649621E+00                                                        
      2 -0.892945E-02  0.113083E+00                                          
      3 -0.216270E-03 -0.775554E-02  0.797301E+00                            
      4 -0.113077E+00  0.115068E-02  0.885486E-03  0.648778E+00              
      5  0.115253E-02 -0.438095E-01  0.540153E-01 -0.993270E-02  0.474559E-01
      6  0.143753E-03  0.800330E-02 -0.494089E+00 -0.172507E-02 -0.101618E+00
      7 -0.273098E+00  0.463115E-03  0.127693E+00  0.453942E-02  0.935079E-03
      8 -0.283854E-03 -0.352749E-01  0.140429E-02  0.107808E-02  0.582510E-02
      9  0.123798E+00 -0.304243E-03 -0.131323E+00  0.295722E-01  0.600383E-03
     10 -0.272713E+00  0.744126E-02 -0.127496E+00  0.447528E-02 -0.892229E-03
     11  0.818803E-02 -0.356067E-01  0.566850E-02 -0.103204E-02  0.587404E-02
     12 -0.123661E+00  0.382212E-02 -0.131304E+00 -0.295351E-01  0.157859E-02
     13  0.431468E-02 -0.261219E-03  0.118130E-02 -0.269094E+00  0.245018E-01
     14 -0.686777E-03  0.400368E-02 -0.795244E-02  0.249312E-01 -0.299097E-01
     15 -0.296822E-01  0.284931E-02 -0.129988E-01 -0.121791E+00  0.162589E-01
     16  0.434776E-02  0.247672E-03 -0.144166E-02 -0.270550E+00 -0.165410E-01
     17  0.676966E-03  0.397116E-02 -0.792023E-02 -0.169809E-01 -0.285192E-01
     18  0.297568E-01  0.186409E-02 -0.130014E-01  0.122318E+00  0.122772E-01
     19  0.604187E-03 -0.112061E-03 -0.605725E-03 -0.507154E-02  0.776503E-03
     20 -0.117443E-03 -0.636651E-02 -0.374599E-01  0.785641E-03  0.430833E-01
     21 -0.139805E-03 -0.847903E-02 -0.145852E-01  0.275539E-03  0.168875E-01
                6             7             8             9            10    
      6  0.768017E+00                                                        
      7 -0.157101E-02  0.281205E+00                                          
      8 -0.108615E-02 -0.374301E-03  0.217864E-01                            
      9 -0.128613E-01 -0.138701E+00 -0.207907E-03  0.137753E+00              
     10  0.153359E-02 -0.150657E-01  0.739263E-03 -0.136089E-01  0.280816E+00
     11 -0.114980E-02 -0.117252E-03  0.381705E-02  0.737073E-04 -0.824234E-02
     12 -0.128569E-01  0.136036E-01 -0.377595E-03  0.100404E-01  0.138537E+00
     13 -0.124626E+00  0.992457E-03 -0.595371E-03 -0.217154E-03  0.149910E-02
     14  0.271307E-01 -0.203307E-03 -0.734456E-02 -0.624002E-04  0.154098E-03
     15 -0.129262E+00  0.221132E-03 -0.632847E-03  0.119702E-02  0.953994E-03
     16  0.125506E+00  0.147995E-02 -0.439408E-03 -0.896783E-03  0.100933E-02
     17  0.230466E-01  0.157551E-03  0.109401E-01 -0.226013E-03 -0.718044E-04
     18 -0.129283E+00 -0.935897E-03  0.580249E-03 -0.485013E-02 -0.241497E-03
     19  0.738481E-03 -0.530644E-04 -0.124414E-03  0.528644E-04 -0.208571E-04
     20  0.456733E-01 -0.860885E-03  0.250789E-03  0.126473E-03  0.871748E-03
     21  0.103359E-01 -0.310219E-03  0.319961E-03  0.438217E-04  0.321571E-03
               11            12            13            14            15    
     11  0.221251E-01                                                        
     12 -0.482505E-02  0.137731E+00                                          
     13  0.749522E-03  0.887598E-03  0.277403E+00                            
     14  0.109253E-01 -0.257361E-03 -0.262502E-01  0.314018E-01              
     15  0.547041E-03 -0.485180E-02  0.136396E+00 -0.159688E-01  0.136061E+00
     16  0.320302E-03  0.215497E-03 -0.150555E-01 -0.194825E-02  0.132150E-01
     17 -0.735898E-02 -0.682645E-04  0.250092E-02  0.147979E-02 -0.255266E-02
     18 -0.626768E-03  0.119687E-02 -0.132927E-01 -0.211787E-02  0.954975E-02
     19  0.133773E-03 -0.482291E-04 -0.601172E-04  0.400325E-02  0.686505E-03
     20  0.224153E-03  0.127562E-03 -0.645446E-03 -0.105564E-01 -0.500981E-03
     21  0.312368E-03  0.442038E-04 -0.329153E-03 -0.771840E-03  0.304530E-03
               16            17            18            19            20    
     16  0.278949E+00                                                        
     17  0.180589E-01  0.299338E-01                                          
     18 -0.136902E+00 -0.114952E-01  0.136083E+00                            
     19 -0.180553E-03 -0.434166E-02 -0.702350E-03  0.478195E-02              
     20  0.301777E-03 -0.104467E-01 -0.481677E-03 -0.335391E-03 -0.161887E-01
     21  0.303613E-03 -0.784269E-03  0.305095E-03 -0.121546E-03 -0.748472E-02
               21                                                            
     21  0.355163E-02                                                        
 End
