 Number_of_Atoms:            7
 Act_energy(kcal/mol):       0. 
 Initial_Temperature:        200
 Temperature_steps:          40
 Temperature_increment:      40
 Delta_Energy_rea:           0.
 Delta_Energy_pro:           0.
 Maxstep:                    1
 Npointsint:                 5 
 Maxtdev:                    0.5
 Rearrange(1=yes,0=no)       1
 SaddlePoint                 1
 ds(1=noexp,0=standard)      0
 isct_vtst(1=vtst_sct,0=sct) 1
 zerocurvature(1)            0
 reduced_mass                1.0
 minimum_frequency            50
 anim_freq(if_Maxstep=1)       2
 onlyrotors(0=yes,1=no)        0
 proj_rea_coo(0=yes(def),1=no)            1
 numrotors            0
 Step          14
 geometry
  1   6   0  -0.00100  -0.06213  -0.71157                             
  2   6   0  -0.00109  -0.06713   0.62461                             
  3   1   0   0.92316  -0.06222  -1.27731                             
  4   1   0  -0.92465  -0.03131  -1.27731                             
  5   1   0   0.92048  -0.14666   1.18968                             
  6   1   0  -0.92478  -0.11609   1.18969                             
  7   1   0   0.03074   1.89534   1.21069                             
 gradient
      1        6          -0.000000121    0.000056415    0.000170758  
      2        6          -0.000028009   -0.001590755   -0.000564064  
      3        1          -0.000002364    0.000003795    0.000008319  
      4        1           0.000002302    0.000000576    0.000008166  
      5        1           0.000001730    0.000128838   -0.000019751  
      6        1           0.000002476    0.000127350   -0.000019651  
      7        1           0.000023987    0.001273782    0.000416223  
 Hessian
                1             2             3             4             5    
      1  0.649116E+00                                                        
      2 -0.889014E-02  0.115732E+00                                          
      3 -0.255711E-03 -0.104249E-01  0.831182E+00                            
      4 -0.114012E+00  0.111129E-02  0.577995E-03  0.647425E+00              
      5  0.111123E-02 -0.474367E-01  0.356252E-01 -0.942757E-02  0.775479E-01
      6  0.148938E-03  0.857508E-02 -0.534184E+00 -0.127712E-02 -0.674152E-01
      7 -0.272245E+00  0.536391E-03  0.127799E+00  0.443943E-02  0.503434E-03
      8  0.251332E-04 -0.367701E-01  0.107615E-02  0.527206E-03  0.608158E-02
      9  0.123415E+00 -0.159140E-03 -0.131170E+00  0.297208E-01  0.384551E-03
     10 -0.271890E+00  0.730022E-02 -0.127615E+00  0.440793E-02 -0.449910E-03
     11  0.781078E-02 -0.370912E-01  0.535833E-02 -0.470099E-03  0.610305E-02
     12 -0.123274E+00  0.397695E-02 -0.131155E+00 -0.296912E-01  0.137193E-02
     13  0.430775E-02 -0.137429E-03  0.184311E-02 -0.269343E+00  0.186109E-01
     14 -0.170659E-03  0.488546E-02 -0.465896E-02  0.189123E-01 -0.332603E-01
     15 -0.297694E-01  0.222916E-02 -0.129797E-01 -0.122334E+00  0.125237E-01
     16  0.432085E-02  0.153506E-03 -0.198932E-02 -0.270531E+00 -0.107580E-01
     17  0.190895E-03  0.487514E-02 -0.461078E-02 -0.110679E-01 -0.321234E-01
     18  0.298243E-01  0.123789E-02 -0.129844E-01  0.122857E+00  0.850920E-02
     19  0.403249E-03 -0.738360E-04 -0.360375E-03 -0.238510E-02  0.409899E-03
     20 -0.772462E-04 -0.419475E-02 -0.223650E-01  0.414759E-03  0.230878E-01
     21 -0.894291E-04 -0.543501E-02 -0.870848E-02  0.146290E-03  0.900063E-02
                6             7             8             9            10    
      6  0.813831E+00                                                        
      7 -0.209883E-02  0.280523E+00                                          
      8 -0.654034E-03 -0.503618E-03  0.230063E-01                            
      9 -0.129630E-01 -0.138456E+00 -0.283093E-03  0.137762E+00              
     10  0.207644E-02 -0.152071E-01  0.712142E-03 -0.136176E-01  0.280160E+00
     11 -0.726016E-03 -0.871809E-04  0.371853E-02  0.775563E-04 -0.806085E-02
     12 -0.129594E-01  0.136126E-01 -0.376400E-03  0.100000E-01  0.138292E+00
     13 -0.125945E+00  0.104071E-02 -0.453665E-03 -0.216084E-03  0.150191E-02
     14  0.191833E-01 -0.170922E-03 -0.791821E-02 -0.115837E-03  0.127161E-03
     15 -0.130141E+00  0.214273E-03 -0.514406E-03  0.118287E-02  0.917835E-03
     16  0.126676E+00  0.149094E-02 -0.231439E-03 -0.885703E-03  0.105111E-02
     17  0.150491E-01  0.208715E-03  0.116548E-01 -0.259517E-04 -0.124997E-03
     18 -0.130203E+00 -0.902447E-03  0.508540E-03 -0.484794E-02 -0.230660E-03
     19  0.418854E-03 -0.418556E-04 -0.757593E-04  0.399277E-04 -0.234311E-04
     20  0.259878E-01 -0.486820E-03  0.227150E-03  0.121913E-03  0.496243E-03
     21  0.662017E-02 -0.168432E-03  0.243243E-03  0.364678E-04  0.176871E-03
               11            12            13            14            15    
     11  0.233374E-01                                                        
     12 -0.491572E-02  0.137744E+00                                          
     13  0.563861E-03  0.882698E-03  0.277765E+00                            
     14  0.116475E-01 -0.575293E-04 -0.200045E-01  0.294288E-01              
     15  0.474811E-03 -0.484956E-02  0.137077E+00 -0.124266E-01  0.137018E+00
     16  0.159091E-03  0.213194E-03 -0.152687E-01 -0.130215E-02  0.133911E-01
     17 -0.792814E-02 -0.121859E-03  0.188154E-02  0.209578E-02 -0.187282E-02
     18 -0.509006E-03  0.118279E-02 -0.134454E-01 -0.142990E-02  0.962412E-02
     19  0.844012E-04 -0.354991E-04 -0.348715E-05  0.260876E-02  0.502783E-03
     20  0.212930E-03  0.122635E-03 -0.460744E-03 -0.687910E-02 -0.413855E-03
     21  0.240051E-03  0.368167E-04 -0.196993E-03 -0.494527E-03  0.145499E-03
               16            17            18            19            20    
     16  0.279018E+00                                                        
     17  0.117437E-01  0.282369E-01                                          
     18 -0.137587E+00 -0.791571E-02  0.137083E+00                            
     19 -0.805170E-04 -0.283196E-02 -0.516270E-03  0.213114E-02              
     20  0.235312E-03 -0.681106E-02 -0.401010E-03 -0.121505E-03 -0.564298E-02
     21  0.181113E-03 -0.501950E-03  0.145744E-03 -0.494202E-04 -0.305244E-02
               21                                                            
     21  0.172378E-02                                                        
 End
