 Number_of_Atoms:            7
 Act_energy(kcal/mol):       0. 
 Initial_Temperature:        200
 Temperature_steps:          40
 Temperature_increment:      40
 Delta_Energy_rea:           0.
 Delta_Energy_pro:           0.
 Maxstep:                    1
 Npointsint:                 5 
 Maxtdev:                    0.5
 Rearrange(1=yes,0=no)       1
 SaddlePoint                 1
 ds(1=noexp,0=standard)      0
 isct_vtst(1=vtst_sct,0=sct) 1
 zerocurvature(1)            0
 reduced_mass                1.0
 minimum_frequency            50
 anim_freq(if_Maxstep=1)       2
 onlyrotors(0=yes,1=no)        0
 proj_rea_coo(0=yes(def),1=no)            1
 numrotors            0
 Step           4
 geometry
  1   6   0  -0.00102  -0.06300  -0.71455                             
  2   6   0  -0.00083  -0.05077   0.63148                             
  3   1   0   0.92336  -0.06221  -1.27883                             
  4   1   0  -0.92484  -0.03145  -1.27885                             
  5   1   0   0.91983  -0.16503   1.19169                             
  6   1   0  -0.92477  -0.13465   1.19166                             
  7   1   0   0.02844   1.74797   1.16343                             
 gradient
      1        6          -0.000008737   -0.000515358   -0.001911224  
      2        6           0.000122645    0.007656424    0.003699622  
      3        1           0.000008238    0.000006169   -0.000079415  
      4        1          -0.000007931    0.000000736   -0.000079866  
      5        1          -0.000037991   -0.000810353    0.000068288  
      6        1           0.000010500   -0.000815544    0.000067370  
      7        1          -0.000086724   -0.005522073   -0.001764776  
 Hessian
                1             2             3             4             5    
      1  0.649692E+00                                                        
      2 -0.895782E-02  0.110843E+00                                          
      3 -0.200820E-03 -0.670043E-02  0.777809E+00                            
      4 -0.112258E+00  0.117045E-02  0.107662E-02  0.649506E+00              
      5  0.117292E-02 -0.416001E-01  0.654961E-01 -0.102261E-01  0.304224E-01
      6  0.145257E-03  0.805321E-02 -0.470662E+00 -0.197606E-02 -0.121768E+00
      7 -0.273601E+00  0.396099E-03  0.127633E+00  0.458276E-02  0.120057E-02
      8 -0.461285E-03 -0.342688E-01  0.157758E-02  0.132338E-02  0.563274E-02
      9  0.124023E+00 -0.341431E-03 -0.131419E+00  0.294941E-01  0.711767E-03
     10 -0.273196E+00  0.755026E-02 -0.127429E+00  0.450166E-02 -0.116485E-02
     11  0.840750E-02 -0.346061E-01  0.582856E-02 -0.128479E-02  0.569719E-02
     12 -0.123885E+00  0.377812E-02 -0.131396E+00 -0.294531E-01  0.168534E-02
     13  0.430514E-02 -0.364422E-03  0.764610E-03 -0.268945E+00  0.275205E-01
     14 -0.955368E-03  0.354196E-02 -0.987151E-02  0.278224E-01 -0.279543E-01
     15 -0.296407E-01  0.316265E-02 -0.130480E-01 -0.121503E+00  0.181062E-01
     16  0.435008E-02  0.336304E-03 -0.109110E-02 -0.270500E+00 -0.194923E-01
     17  0.930500E-03  0.349704E-02 -0.984901E-02 -0.198035E-01 -0.264376E-01
     18  0.297251E-01  0.218024E-02 -0.130488E-01  0.122008E+00  0.141286E-01
     19  0.708089E-03 -0.130870E-03 -0.753560E-03 -0.688852E-02  0.989312E-03
     20 -0.136442E-03 -0.740701E-02 -0.464813E-01  0.998175E-03  0.542396E-01
     21 -0.166976E-03 -0.101324E-01 -0.182352E-01  0.352792E-03  0.216401E-01
                6             7             8             9            10    
      6  0.741051E+00                                                        
      7 -0.124745E-02  0.281619E+00                                          
      8 -0.129635E-02 -0.280441E-03  0.210135E-01                            
      9 -0.128011E-01 -0.138859E+00 -0.200350E-03  0.137761E+00              
     10  0.120280E-02 -0.149870E-01  0.755898E-03 -0.136021E-01  0.281212E+00
     11 -0.135222E-02 -0.136741E-03  0.383954E-02  0.668678E-04 -0.836679E-02
     12 -0.127962E-01  0.135966E-01 -0.382802E-03  0.100615E-01  0.138695E+00
     13 -0.123856E+00  0.966296E-03 -0.658201E-03 -0.217565E-03  0.150103E-02
     14  0.313921E-01 -0.227092E-03 -0.699040E-02 -0.382100E-04  0.172904E-03
     15 -0.128725E+00  0.224354E-03 -0.680827E-03  0.120512E-02  0.972960E-03
     16  0.124798E+00  0.147796E-02 -0.533169E-03 -0.898767E-03  0.986398E-03
     17  0.273238E-01  0.123408E-03  0.104978E-01 -0.317729E-03 -0.351160E-04
     18 -0.128714E+00 -0.953404E-03  0.619925E-03 -0.485157E-02 -0.246328E-03
     19  0.934072E-03 -0.581774E-04 -0.146180E-03  0.602334E-04 -0.181819E-04
     20  0.576475E-01 -0.107580E-02  0.275677E-03  0.119085E-03  0.108770E-02
     21  0.126481E-01 -0.393643E-03  0.362825E-03  0.437478E-04  0.406605E-03
               11            12            13            14            15    
     11  0.213562E-01                                                        
     12 -0.480812E-02  0.137735E+00                                          
     13  0.829552E-03  0.886700E-03  0.277212E+00                            
     14  0.104790E-01 -0.348909E-03 -0.293455E-01  0.324154E-01              
     15  0.587047E-03 -0.485326E-02  0.136038E+00 -0.176813E-01  0.135535E+00
     16  0.395133E-03  0.216422E-03 -0.149471E-01 -0.227622E-02  0.131160E-01
     17 -0.700731E-02 -0.440161E-04  0.281322E-02  0.113429E-02 -0.293000E-02
     18 -0.674360E-03  0.120497E-02 -0.132065E-01 -0.249905E-02  0.949894E-02
     19  0.156137E-03 -0.559560E-04 -0.932164E-04  0.480887E-02  0.791886E-03
     20  0.241433E-03  0.120383E-03 -0.795172E-03 -0.126259E-01 -0.563762E-03
     21  0.352222E-03  0.439953E-04 -0.408816E-03 -0.953152E-03  0.387647E-03
               16            17            18            19            20    
     16  0.278870E+00                                                        
     17  0.211845E-01  0.308047E-01                                          
     18 -0.136517E+00 -0.132156E-01  0.135522E+00                            
     19 -0.237518E-03 -0.521304E-02 -0.809691E-03  0.658752E-02              
     20  0.385780E-03 -0.124889E-01 -0.539789E-03 -0.464234E-03 -0.222349E-01
     21  0.377022E-03 -0.967448E-03  0.388320E-03 -0.166984E-03 -0.103021E-01
               21                                                            
     21  0.472340E-02                                                        
 End
