 Number_of_Atoms:            7
 Act_energy(kcal/mol):       0. 
 Initial_Temperature:        200
 Temperature_steps:          40
 Temperature_increment:      40
 Delta_Energy_rea:           0.
 Delta_Energy_pro:           0.
 Maxstep:                    1
 Npointsint:                 5 
 Maxtdev:                    0.5
 Rearrange(1=yes,0=no)       1
 SaddlePoint                 1
 ds(1=noexp,0=standard)      0
 isct_vtst(1=vtst_sct,0=sct) 1
 zerocurvature(1)            0
 reduced_mass                1.0
 minimum_frequency            50
 anim_freq(if_Maxstep=1)       2
 onlyrotors(0=yes,1=no)        0
 proj_rea_coo(0=yes(def),1=no)            1
 numrotors            0
 Step           1
 geometry
  1   6   0  -0.00102  -0.06336  -0.71591                             
  2   6   0  -0.00075  -0.04567   0.63403                             
  3   1   0   0.92343  -0.06215  -1.27950                             
  4   1   0  -0.92491  -0.03142  -1.27952                             
  5   1   0   0.91952  -0.17162   1.19222                             
  6   1   0  -0.92468  -0.14127   1.19219                             
  7   1   0   0.02775   1.70466   1.14956                             
 gradient
      1        6          -0.000015946   -0.000963910   -0.003805872  
      2        6           0.000213370    0.013206016    0.006894022  
      3        1           0.000016118    0.000015509   -0.000154025  
      4        1          -0.000015344    0.000010147   -0.000154608  
      5        1          -0.000075138   -0.001468993    0.000108946  
      6        1           0.000025578   -0.001473952    0.000107694  
      7        1          -0.000148638   -0.009324818   -0.002996158  
 Hessian
                1             2             3             4             5    
      1  0.649589E+00                                                        
      2 -0.900979E-02  0.107609E+00                                          
      3 -0.187290E-03 -0.570621E-02  0.755658E+00                            
      4 -0.111066E+00  0.119455E-02  0.129812E-02  0.650335E+00              
      5  0.119783E-02 -0.387987E-01  0.788618E-01 -0.105751E-01  0.107368E-01
      6  0.149316E-03  0.829883E-02 -0.443824E+00 -0.227815E-02 -0.145012E+00
      7 -0.274199E+00  0.314770E-03  0.127586E+00  0.462510E-02  0.149760E-02
      8 -0.660529E-03 -0.329657E-01  0.176495E-02  0.157136E-02  0.537342E-02
      9  0.124289E+00 -0.363078E-03 -0.131542E+00  0.294108E-01  0.839106E-03
     10 -0.273771E+00  0.769552E-02 -0.127373E+00  0.452588E-02 -0.147092E-02
     11  0.867071E-02 -0.333082E-01  0.600747E-02 -0.154220E-02  0.545414E-02
     12 -0.124148E+00  0.375462E-02 -0.131514E+00 -0.293652E-01  0.180867E-02
     13  0.428632E-02 -0.502725E-03  0.266163E-03 -0.268761E+00  0.308228E-01
     14 -0.125757E-02  0.302187E-02 -0.120632E-01  0.308717E-01 -0.257178E-01
     15 -0.295991E-01  0.350460E-02 -0.131351E-01 -0.121170E+00  0.201076E-01
     16  0.434538E-02  0.458521E-03 -0.668146E-03 -0.270418E+00 -0.227093E-01
     17  0.121597E-02  0.296262E-02 -0.120553E-01 -0.227664E-01 -0.240416E-01
     18  0.296944E-01  0.252410E-02 -0.131337E-01  0.121660E+00  0.161238E-01
     19  0.815457E-03 -0.150840E-03 -0.922293E-03 -0.924091E-02  0.123707E-02
     20 -0.156633E-03 -0.852075E-02 -0.568095E-01  0.124600E-02  0.669938E-01
     21 -0.197732E-03 -0.120129E-01 -0.225101E-01  0.444107E-03  0.272711E-01
                6             7             8             9            10    
      6  0.710153E+00                                                        
      7 -0.883844E-03  0.282120E+00                                          
      8 -0.152175E-02 -0.170880E-03  0.200403E-01                            
      9 -0.127271E-01 -0.139058E+00 -0.205872E-03  0.137782E+00              
     10  0.831485E-03 -0.148975E-01  0.776203E-03 -0.135924E-01  0.281692E+00
     11 -0.156904E-02 -0.160415E-03  0.384162E-02  0.563762E-04 -0.852611E-02
     12 -0.127219E-01  0.135866E-01 -0.391923E-03  0.100857E-01  0.138891E+00
     13 -0.122959E+00  0.937301E-03 -0.720116E-03 -0.217959E-03  0.150472E-02
     14  0.361085E-01 -0.255415E-03 -0.655411E-02 -0.131260E-04  0.194146E-03
     15 -0.128077E+00  0.227571E-03 -0.721924E-03  0.121445E-02  0.993705E-03
     16  0.123978E+00  0.147769E-02 -0.626270E-03 -0.898815E-03  0.960805E-03
     17  0.320515E-01  0.835073E-04  0.995007E-02 -0.412291E-03  0.871570E-05
     18 -0.128032E+00 -0.972563E-03  0.663099E-03 -0.485279E-02 -0.250954E-03
     19  0.116217E-02 -0.631114E-04 -0.169769E-03  0.679038E-04 -0.146508E-04
     20  0.716440E-01 -0.130917E-02  0.314426E-03  0.988844E-04  0.132245E-02
     21  0.152289E-01 -0.485874E-03  0.413416E-03  0.395517E-04  0.500694E-03
               11            12            13            14            15    
     11  0.203867E-01                                                        
     12 -0.480978E-02  0.137750E+00                                          
     13  0.905786E-03  0.883696E-03  0.276994E+00                            
     14  0.992731E-02 -0.443206E-03 -0.326847E-01  0.335616E-01              
     15  0.630525E-03 -0.485450E-02  0.135630E+00 -0.194985E-01  0.134938E+00
     16  0.471552E-03  0.217302E-03 -0.148296E-01 -0.263944E-02  0.129997E-01
     17 -0.657393E-02 -0.188900E-04  0.315885E-02  0.746559E-03 -0.336770E-02
     18 -0.715067E-03  0.121437E-02 -0.131050E-01 -0.294046E-02  0.943358E-02
     19  0.180681E-03 -0.644713E-04 -0.131951E-03  0.577124E-02  0.918215E-03
     20  0.272311E-03  0.100502E-03 -0.979856E-03 -0.149854E-01 -0.654552E-03
     21  0.399511E-03  0.396297E-04 -0.497407E-03 -0.115004E-02  0.480387E-03
               16            17            18            19            20    
     16  0.278769E+00                                                        
     17  0.245500E-01  0.317783E-01                                          
     18 -0.136087E+00 -0.150295E-01  0.134890E+00                            
     19 -0.304645E-03 -0.625066E-02 -0.939031E-03  0.893981E-02              
     20  0.494935E-03 -0.148220E-01 -0.625949E-03 -0.617726E-03 -0.292524E-01
     21  0.458703E-03 -0.116779E-02  0.481130E-03 -0.222492E-03 -0.137534E-01
               21                                                            
     21  0.624046E-02                                                        
 End
