 Number_of_Atoms:            7
 Act_energy(kcal/mol):       0. 
 Initial_Temperature:        200
 Temperature_steps:          40
 Temperature_increment:      40
 Delta_Energy_rea:           0.
 Delta_Energy_pro:           0.
 Maxstep:                    1
 Npointsint:                 5 
 Maxtdev:                    0.5
 Rearrange(1=yes,0=no)       1
 SaddlePoint                 1
 ds(1=noexp,0=standard)      0
 isct_vtst(1=vtst_sct,0=sct) 1
 zerocurvature(1)            0
 reduced_mass                1.0
 minimum_frequency            50
 anim_freq(if_Maxstep=1)       2
 onlyrotors(0=yes,1=no)        0
 proj_rea_coo(0=yes(def),1=no)            1
 numrotors            0
 Step           3
 geometry
  1   6   0  -0.00102  -0.06312  -0.71498                             
  2   6   0  -0.00081  -0.04907   0.63230                             
  3   1   0   0.92338  -0.06219  -1.27904                             
  4   1   0  -0.92486  -0.03145  -1.27906                             
  5   1   0   0.91973  -0.16718   1.19187                             
  6   1   0  -0.92474  -0.13681   1.19184                             
  7   1   0   0.02821   1.73348   1.15880                             
 gradient
      1        6          -0.000010846   -0.000647282   -0.002450353  
      2        6           0.000150026    0.009330864    0.004629186  
      3        1           0.000010570    0.000008485   -0.000101113  
      4        1          -0.000010139    0.000003069   -0.000101603  
      5        1          -0.000048296   -0.001005367    0.000081420  
      6        1           0.000014266   -0.001010481    0.000080385  
      7        1          -0.000105581   -0.006679287   -0.002137922  
 Hessian
                1             2             3             4             5    
      1  0.649680E+00                                                        
      2 -0.897273E-02  0.109888E+00                                          
      3 -0.196101E-03 -0.636361E-02  0.770674E+00                            
      4 -0.111906E+00  0.117799E-02  0.114774E-02  0.649772E+00              
      5  0.118072E-02 -0.407381E-01  0.697867E-01 -0.103376E-01  0.240767E-01
      6  0.146330E-03  0.811527E-02 -0.462037E+00 -0.207116E-02 -0.129242E+00
      7 -0.273789E+00  0.370649E-03  0.127614E+00  0.459707E-02  0.129787E-02
      8 -0.525065E-03 -0.338703E-01  0.163870E-02  0.140585E-02  0.555405E-02
      9  0.124107E+00 -0.350624E-03 -0.131456E+00  0.294668E-01  0.752133E-03
     10 -0.273378E+00  0.759480E-02 -0.127407E+00  0.450999E-02 -0.126494E-02
     11  0.849038E-02 -0.342094E-01  0.588642E-02 -0.137018E-02  0.562388E-02
     12 -0.123969E+00  0.376789E-02 -0.131432E+00 -0.294243E-01  0.172434E-02
     13  0.429998E-02 -0.406624E-03  0.606191E-03 -0.268888E+00  0.285934E-01
     14 -0.105217E-02  0.337509E-02 -0.105776E-01  0.288226E-01 -0.272341E-01
     15 -0.296267E-01  0.327349E-02 -0.130729E-01 -0.121397E+00  0.187575E-01
     16  0.434938E-02  0.373321E-03 -0.957003E-03 -0.270476E+00 -0.205381E-01
     17  0.102192E-02  0.332559E-02 -0.105595E-01 -0.207762E-01 -0.256685E-01
     18  0.297146E-01  0.229178E-02 -0.130731E-01  0.121897E+00  0.147786E-01
     19  0.743814E-03 -0.137402E-03 -0.807954E-03 -0.760844E-02  0.106866E-02
     20 -0.143052E-03 -0.777067E-02 -0.498111E-01  0.107753E-02  0.583861E-01
     21 -0.176831E-03 -0.107342E-01 -0.196020E-01  0.381954E-03  0.234425E-01
                6             7             8             9            10    
      6  0.731107E+00                                                        
      7 -0.112855E-02  0.281776E+00                                          
      8 -0.137015E-02 -0.245811E-03  0.207131E-01                            
      9 -0.127782E-01 -0.138921E+00 -0.200551E-03  0.137766E+00              
     10  0.108136E-02 -0.149582E-01  0.762257E-03 -0.135992E-01  0.281363E+00
     11 -0.142319E-02 -0.144125E-03  0.384294E-02  0.638214E-04 -0.841617E-02
     12 -0.127731E-01  0.135936E-01 -0.385381E-03  0.100692E-01  0.138755E+00
     13 -0.123570E+00  0.956880E-03 -0.679047E-03 -0.217703E-03  0.150211E-02
     14  0.329225E-01 -0.236262E-03 -0.685453E-02 -0.299431E-04  0.179956E-03
     15 -0.128522E+00  0.225407E-03 -0.695511E-03  0.120809E-02  0.979723E-03
     16  0.124535E+00  0.147771E-02 -0.564417E-03 -0.899011E-03  0.978107E-03
     17  0.288581E-01  0.110540E-03  0.103277E-01 -0.348953E-03 -0.210877E-04
     18 -0.128498E+00 -0.959650E-03  0.634015E-03 -0.485201E-02 -0.247879E-03
     19  0.100720E-02 -0.598629E-04 -0.153770E-03  0.627910E-04 -0.170820E-04
     20  0.621392E-01 -0.115286E-02  0.287105E-03  0.114116E-03  0.116518E-02
     21  0.135007E-01 -0.423893E-03  0.378872E-03  0.429130E-04  0.437450E-03
               11            12            13            14            15    
     11  0.210572E-01                                                        
     12 -0.480657E-02  0.137739E+00                                          
     13  0.855567E-03  0.885943E-03  0.277143E+00                            
     14  0.103075E-01 -0.380058E-03 -0.304326E-01  0.327808E-01              
     15  0.601241E-03 -0.485371E-02  0.135908E+00 -0.182763E-01  0.135344E+00
     16  0.420511E-03  0.216724E-03 -0.149090E-01 -0.239283E-02  0.130792E-01
     17 -0.687236E-02 -0.357322E-04  0.292417E-02  0.100882E-02 -0.306920E-02
     18 -0.688911E-03  0.120796E-02 -0.131745E-01 -0.263947E-02  0.947889E-02
     19  0.164006E-03 -0.587323E-04 -0.105532E-03  0.511126E-02  0.831484E-03
     20  0.250243E-03  0.115507E-03 -0.854852E-03 -0.133836E-01 -0.591162E-03
     21  0.367189E-03  0.431059E-04 -0.438069E-03 -0.101906E-02  0.417205E-03
               16            17            18            19            20    
     16  0.278839E+00                                                        
     17  0.222802E-01  0.311167E-01                                          
     18 -0.136379E+00 -0.138103E-01  0.135319E+00                            
     19 -0.258695E-03 -0.553955E-02 -0.850203E-03  0.730580E-02              
     20  0.421258E-03 -0.132379E-01 -0.565715E-03 -0.513208E-03 -0.245312E-01
     21  0.403972E-03 -0.103442E-02  0.417878E-03 -0.184583E-03 -0.114008E-01
               21                                                            
     21  0.518015E-02                                                        
 End
