 Number_of_Atoms:            7
 Act_energy(kcal/mol):       0. 
 Initial_Temperature:        200
 Temperature_steps:          40
 Temperature_increment:      40
 Delta_Energy_rea:           0.
 Delta_Energy_pro:           0.
 Maxstep:                    1
 Npointsint:                 5 
 Maxtdev:                    0.5
 Rearrange(1=yes,0=no)       1
 SaddlePoint                 1
 ds(1=noexp,0=standard)      0
 isct_vtst(1=vtst_sct,0=sct) 1
 zerocurvature(1)            0
 reduced_mass                1.0
 minimum_frequency            50
 anim_freq(if_Maxstep=1)       2
 onlyrotors(0=yes,1=no)        0
 proj_rea_coo(0=yes(def),1=no)            1
 numrotors            0
 Step           2
 geometry
  1   6   0  -0.00102  -0.06324  -0.71544                             
  2   6   0  -0.00078  -0.04737   0.63316                             
  3   1   0   0.92340  -0.06218  -1.27927                             
  4   1   0  -0.92488  -0.03144  -1.27929                             
  5   1   0   0.91963  -0.16938   1.19205                             
  6   1   0  -0.92472  -0.13902   1.19202                             
  7   1   0   0.02798   1.71905   1.15418                             
 gradient
      1        6          -0.000013244   -0.000796495   -0.003079744  
      2        6           0.000180229    0.011178744    0.005691210  
      3        1           0.000013185    0.000011567   -0.000125928  
      4        1          -0.000012599    0.000006175   -0.000126462  
      5        1          -0.000060622   -0.001224516    0.000095019  
      6        1           0.000019248   -0.001229545    0.000093872  
      7        1          -0.000126197   -0.007945929   -0.002547967  
 Hessian
                1             2             3             4             5    
      1  0.649647E+00                                                        
      2 -0.899007E-02  0.108813E+00                                          
      3 -0.191598E-03 -0.603309E-02  0.763273E+00                            
      4 -0.111510E+00  0.118602E-02  0.122182E-02  0.650048E+00              
      5  0.118902E-02 -0.398053E-01  0.742570E-01 -0.104543E-01  0.174963E-01
      6  0.147695E-03  0.819841E-02 -0.453070E+00 -0.217198E-02 -0.137011E+00
      7 -0.273989E+00  0.343518E-03  0.127598E+00  0.461120E-02  0.139749E-02
      8 -0.591446E-03 -0.334367E-01  0.170129E-02  0.148854E-02  0.546759E-02
      9  0.124196E+00 -0.357894E-03 -0.131497E+00  0.294390E-01  0.794504E-03
     10 -0.273569E+00  0.764326E-02 -0.127388E+00  0.451807E-02 -0.136757E-02
     11  0.857812E-02 -0.337775E-01  0.594619E-02 -0.145601E-02  0.554285E-02
     12 -0.124056E+00  0.376002E-02 -0.131471E+00 -0.293950E-01  0.176538E-02
     13  0.429373E-02 -0.452773E-03  0.439506E-03 -0.268827E+00  0.296953E-01
     14 -0.115285E-02  0.320162E-02 -0.113103E-01  0.298394E-01 -0.264868E-01
     15 -0.296128E-01  0.338747E-02 -0.131021E-01 -0.121287E+00  0.194250E-01
     16  0.434783E-02  0.414107E-03 -0.815560E-03 -0.270449E+00 -0.216114E-01
     17  0.111703E-02  0.314734E-02 -0.112971E-01 -0.217640E-01 -0.248681E-01
     18  0.297043E-01  0.240639E-02 -0.131015E-01  0.121781E+00  0.154440E-01
     19  0.779689E-03 -0.144064E-03 -0.864374E-03 -0.839153E-02  0.115149E-02
     20 -0.149786E-03 -0.814227E-02 -0.532640E-01  0.116037E-02  0.626535E-01
     21 -0.187085E-03 -0.113613E-01 -0.210307E-01  0.412478E-03  0.253250E-01
                6             7             8             9            10    
      6  0.720781E+00                                                        
      7 -0.100656E-02  0.281943E+00                                          
      8 -0.144546E-02 -0.209304E-03  0.203891E-01                            
      9 -0.127536E-01 -0.138987E+00 -0.202356E-03  0.137773E+00              
     10  0.956800E-03 -0.149284E-01  0.769022E-03 -0.135960E-01  0.281523E+00
     11 -0.149563E-02 -0.152005E-03  0.384377E-02  0.603346E-04 -0.846930E-02
     12 -0.127484E-01  0.135903E-01 -0.388413E-03  0.100773E-01  0.138821E+00
     13 -0.123271E+00  0.947189E-03 -0.699712E-03 -0.217834E-03  0.150336E-02
     14  0.344976E-01 -0.245789E-03 -0.670916E-02 -0.215789E-04  0.187123E-03
     15 -0.128305E+00  0.226468E-03 -0.709267E-03  0.121121E-02  0.986656E-03
     16  0.124261E+00  0.147764E-02 -0.595488E-03 -0.899032E-03  0.969554E-03
     17  0.304369E-01  0.971603E-04  0.101453E-01 -0.380475E-03 -0.639403E-05
     18 -0.128271E+00 -0.966052E-03  0.648429E-03 -0.485241E-02 -0.249412E-03
     19  0.108348E-02 -0.615142E-04 -0.161611E-03  0.653569E-04 -0.158977E-04
     20  0.668191E-01 -0.123107E-02  0.300107E-03  0.107465E-03  0.124386E-02
     21  0.143673E-01 -0.454798E-03  0.395775E-03  0.415429E-04  0.468977E-03
               11            12            13            14            15    
     11  0.207344E-01                                                        
     12 -0.480710E-02  0.137744E+00                                          
     13  0.881026E-03  0.884947E-03  0.277071E+00                            
     14  0.101238E-01 -0.411493E-03 -0.315459E-01  0.331623E-01              
     15  0.615758E-03 -0.485412E-02  0.135773E+00 -0.188823E-01  0.135145E+00
     16  0.446005E-03  0.217017E-03 -0.148698E-01 -0.251374E-02  0.130405E-01
     17 -0.672796E-02 -0.273539E-04  0.303920E-02  0.879243E-03 -0.321513E-02
     18 -0.702536E-03  0.121110E-02 -0.131406E-01 -0.278664E-02  0.945714E-02
     19  0.172167E-03 -0.615766E-04 -0.118456E-03  0.543183E-02  0.873551E-03
     20  0.260616E-03  0.108962E-03 -0.917102E-03 -0.141710E-01 -0.621564E-03
     21  0.382989E-03  0.416787E-04 -0.467832E-03 -0.108527E-02  0.448023E-03
               16            17            18            19            20    
     16  0.278805E+00                                                        
     17  0.234022E-01  0.314409E-01                                          
     18 -0.136236E+00 -0.144151E-01  0.135108E+00                            
     19 -0.281048E-03 -0.588525E-02 -0.893287E-03  0.808876E-02              
     20  0.458291E-03 -0.140167E-01 -0.594590E-03 -0.564564E-03 -0.268842E-01
     21  0.431411E-03 -0.110180E-02  0.448716E-03 -0.203150E-03 -0.125554E-01
               21                                                            
     21  0.568341E-02                                                        
 End
