 Number_of_Atoms:            7
 Act_energy(kcal/mol):       0. 
 Initial_Temperature:        200
 Temperature_steps:          40
 Temperature_increment:      40
 Delta_Energy_rea:           0.
 Delta_Energy_pro:           0.
 Maxstep:                    1
 Npointsint:                 5 
 Maxtdev:                    0.5
 Rearrange(1=yes,0=no)       1
 SaddlePoint                 1
 ds(1=noexp,0=standard)      0
 isct_vtst(1=vtst_sct,0=sct) 1
 zerocurvature(1)            0
 reduced_mass                1.0
 minimum_frequency            50
 anim_freq(if_Maxstep=1)       2
 onlyrotors(0=yes,1=no)        0
 proj_rea_coo(0=yes(def),1=no)            1
 numrotors            0
 Step           8
 geometry
  1   6   0  -0.00101  -0.06259  -0.71307                             
  2   6   0  -0.00094  -0.05745   0.62843                             
  3   1   0   0.92327  -0.06227  -1.27807                             
  4   1   0  -0.92475  -0.03141  -1.27808                             
  5   1   0   0.92015  -0.15695   1.19092                             
  6   1   0  -0.92481  -0.12648   1.19091                             
  7   1   0   0.02933   1.80639   1.18207                             
 gradient
      1        6          -0.000002822   -0.000141154   -0.000504535  
      2        6           0.000038070    0.002508741    0.001098269  
      3        1           0.000001615    0.000002610   -0.000020187  
      4        1          -0.000001563   -0.000002873   -0.000020545  
      5        1          -0.000012264   -0.000243228    0.000022756  
      6        1           0.000003793   -0.000248447    0.000022254  
      7        1          -0.000026829   -0.001875649   -0.000598011  
 Hessian
                1             2             3             4             5    
      1  0.649570E+00                                                        
      2 -0.892727E-02  0.113651E+00                                          
      3 -0.221799E-03 -0.812035E-02  0.803118E+00                            
      4 -0.113282E+00  0.114513E-02  0.829531E-03  0.648556E+00              
      5  0.114685E-02 -0.444391E-01  0.506970E-01 -0.985076E-02  0.524107E-01
      6  0.143664E-03  0.802965E-02 -0.501031E+00 -0.165127E-02 -0.957181E-01
      7 -0.272951E+00  0.483326E-03  0.127712E+00  0.452496E-02  0.857431E-03
      8 -0.228201E-03 -0.355542E-01  0.134948E-02  0.997337E-03  0.587623E-02
      9  0.123732E+00 -0.289589E-03 -0.131296E+00  0.295966E-01  0.565819E-03
     10 -0.272571E+00  0.741381E-02 -0.127517E+00  0.446607E-02 -0.812570E-03
     11  0.812513E-02 -0.358844E-01  0.562010E-02 -0.949185E-03  0.592035E-02
     12 -0.123594E+00  0.384124E-02 -0.131278E+00 -0.295607E-01  0.154599E-02
     13  0.431606E-02 -0.234166E-03  0.130042E-02 -0.269138E+00  0.235651E-01
     14 -0.604079E-03  0.414552E-02 -0.738373E-02  0.240075E-01 -0.304867E-01
     15 -0.296957E-01  0.275148E-02 -0.129899E-01 -0.121879E+00  0.156790E-01
     16  0.434565E-02  0.225206E-03 -0.154115E-02 -0.270560E+00 -0.156200E-01
     17  0.598979E-03  0.411664E-02 -0.734936E-02 -0.160734E-01 -0.291331E-01
     18  0.297672E-01  0.176483E-02 -0.129931E-01  0.122412E+00  0.116925E-01
     19  0.571328E-03 -0.106032E-03 -0.561953E-03 -0.456736E-02  0.713969E-03
     20 -0.111400E-03 -0.603567E-02 -0.348131E-01  0.723415E-03  0.398517E-01
     21 -0.131524E-03 -0.797725E-02 -0.135297E-01  0.253269E-03  0.155378E-01
                6             7             8             9            10    
      6  0.775975E+00                                                        
      7 -0.166562E-02  0.281085E+00                                          
      8 -0.101982E-02 -0.403323E-03  0.220057E-01                            
      9 -0.128789E-01 -0.138656E+00 -0.212305E-03  0.137753E+00              
     10  0.163045E-02 -0.150893E-01  0.734570E-03 -0.136106E-01  0.280700E+00
     11 -0.108568E-02 -0.111497E-03  0.380631E-02  0.753593E-04 -0.820958E-02
     12 -0.128747E-01  0.136054E-01 -0.376676E-03  0.100340E-01  0.138493E+00
     13 -0.124853E+00  0.100043E-02 -0.574571E-03 -0.217024E-03  0.149891E-02
     14  0.258290E-01 -0.196858E-03 -0.744627E-02 -0.702607E-04  0.148903E-03
     15 -0.129417E+00  0.220047E-03 -0.616023E-03  0.119459E-02  0.948149E-03
     16  0.125714E+00  0.148101E-02 -0.408440E-03 -0.895726E-03  0.101630E-02
     17  0.217376E-01  0.167303E-03  0.110670E-01 -0.196172E-03 -0.821155E-04
     18 -0.129448E+00 -0.930503E-03  0.568065E-03 -0.484966E-02 -0.239854E-03
     19  0.681515E-03 -0.513727E-04 -0.117371E-03  0.505857E-04 -0.215295E-04
     20  0.422273E-01 -0.796382E-03  0.245168E-03  0.127148E-03  0.806980E-03
     21  0.967490E-02 -0.285442E-03  0.307284E-03  0.432452E-04  0.296314E-03
               11            12            13            14            15    
     11  0.223432E-01                                                        
     12 -0.483502E-02  0.137732E+00                                          
     13  0.722612E-03  0.887457E-03  0.277462E+00                            
     14  0.110535E-01 -0.227570E-03 -0.252757E-01  0.310882E-01              
     15  0.534722E-03 -0.485132E-02  0.136507E+00 -0.154240E-01  0.136221E+00
     16  0.295931E-03  0.215191E-03 -0.150898E-01 -0.184553E-02  0.132444E-01
     17 -0.745994E-02 -0.761452E-04  0.240308E-02  0.158390E-02 -0.243968E-02
     18 -0.610072E-03  0.119446E-02 -0.133184E-01 -0.200348E-02  0.956386E-02
     19  0.126592E-03 -0.459147E-04 -0.503207E-04  0.376574E-02  0.655401E-03
     20  0.220886E-03  0.128173E-03 -0.606378E-03 -0.993820E-02 -0.485493E-03
     21  0.300582E-03  0.436573E-04 -0.305849E-03 -0.719974E-03  0.278523E-03
               16            17            18            19            20    
     16  0.278970E+00                                                        
     17  0.170706E-01  0.296634E-01                                          
     18 -0.137019E+00 -0.109439E-01  0.136253E+00                            
     19 -0.163628E-03 -0.408444E-02 -0.670781E-03  0.428288E-02              
     20  0.282221E-03 -0.983797E-02 -0.467902E-03 -0.298456E-03 -0.145059E-01
     21  0.282085E-03 -0.732285E-03  0.278972E-03 -0.108853E-03 -0.671612E-02
               21                                                            
     21  0.321040E-02                                                        
 End
