 Number_of_Atoms:            7
 Act_energy(kcal/mol):       0. 
 Initial_Temperature:        200
 Temperature_steps:          40
 Temperature_increment:      40
 Delta_Energy_rea:           0.
 Delta_Energy_pro:           0.
 Maxstep:                    1
 Npointsint:                 5 
 Maxtdev:                    0.5
 Rearrange(1=yes,0=no)       1
 SaddlePoint                 1
 ds(1=noexp,0=standard)      0
 isct_vtst(1=vtst_sct,0=sct) 1
 zerocurvature(1)            0
 reduced_mass                1.0
 minimum_frequency            50
 anim_freq(if_Maxstep=1)       2
 onlyrotors(0=yes,1=no)        0
 proj_rea_coo(0=yes(def),1=no)            1
 numrotors            0
 Step          18
 geometry
  1   6   0  -0.00100  -0.06199  -0.71102                             
  2   6   0  -0.00120  -0.07324   0.62249                             
  3   1   0   0.92310  -0.06210  -1.27707                             
  4   1   0  -0.92459  -0.03125  -1.27708                             
  5   1   0   0.92062  -0.14120   1.18881                             
  6   1   0  -0.92474  -0.11061   1.18883                             
  7   1   0   0.03182   1.95537   1.23061                             
 gradient
      1        6          -0.000000978    0.000020768    0.000172624  
      2        6          -0.000044336   -0.002662062   -0.000881272  
      3        1          -0.000002756    0.000003055    0.000005149  
      4        1           0.000002572    0.000002577    0.000005230  
      5        1           0.000002981    0.000181050   -0.000034586  
      6        1           0.000003213    0.000182814   -0.000034377  
      7        1           0.000039304    0.002271798    0.000767231  
 Hessian
                1             2             3             4             5    
      1  0.648749E+00                                                        
      2 -0.885418E-02  0.116270E+00                                          
      3 -0.279787E-03 -0.120262E-01  0.844265E+00                            
      4 -0.114197E+00  0.109028E-02  0.478063E-03  0.646817E+00              
      5  0.108915E-02 -0.488521E-01  0.295096E-01 -0.922954E-02  0.884302E-01
      6  0.157988E-03  0.922840E-02 -0.549407E+00 -0.108423E-02 -0.548843E-01
      7 -0.271903E+00  0.514136E-03  0.127829E+00  0.438469E-02  0.360970E-03
      8  0.124716E-03 -0.372534E-01  0.940835E-03  0.232741E-03  0.615832E-02
      9  0.123265E+00 -0.407905E-04 -0.131106E+00  0.297808E-01  0.284994E-03
     10 -0.271557E+00  0.727607E-02 -0.127650E+00  0.436762E-02 -0.303808E-03
     11  0.766427E-02 -0.375707E-01  0.521497E-02 -0.172011E-03  0.616818E-02
     12 -0.123121E+00  0.408634E-02 -0.131093E+00 -0.297547E-01  0.127401E-02
     13  0.429009E-02 -0.116470E-03  0.207857E-02 -0.269413E+00  0.158943E-01
     14  0.640209E-04  0.527818E-02 -0.341459E-02  0.159887E-01 -0.344870E-01
     15 -0.298101E-01  0.194224E-02 -0.129925E-01 -0.122557E+00  0.107131E-01
     16  0.429513E-02  0.146210E-03 -0.218252E-02 -0.270428E+00 -0.809353E-02
     17 -0.299000E-04  0.527673E-02 -0.335865E-02 -0.819388E-02 -0.335163E-01
     18  0.298558E-01  0.950585E-03 -0.129967E-01  0.123033E+00  0.667836E-02
     19  0.322673E-03 -0.560549E-04 -0.272553E-03 -0.153142E-02  0.282475E-03
     20 -0.580818E-04 -0.314850E-02 -0.168659E-01  0.283741E-03  0.160987E-01
     21 -0.680294E-04 -0.414053E-02 -0.666998E-02  0.103842E-03  0.642422E-02
                6             7             8             9            10    
      6  0.830926E+00                                                        
      7 -0.228208E-02  0.280262E+00                                          
      8 -0.432772E-03 -0.508249E-03  0.234476E-01                            
      9 -0.130033E-01 -0.138370E+00 -0.365222E-03  0.137770E+00              
     10  0.226751E-02 -0.152682E-01  0.702645E-03 -0.136199E-01  0.279905E+00
     11 -0.505121E-03 -0.791167E-04  0.364515E-02  0.731987E-04 -0.801206E-02
     12 -0.130000E-01  0.136147E-01 -0.380537E-03  0.998017E-02  0.138205E+00
     13 -0.126446E+00  0.106169E-02 -0.378987E-03 -0.215350E-03  0.150661E-02
     14  0.157764E-01 -0.163532E-03 -0.813371E-02 -0.144513E-03  0.120898E-03
     15 -0.130456E+00  0.211775E-03 -0.450792E-03  0.117749E-02  0.901383E-03
     16  0.127077E+00  0.149948E-02 -0.123643E-03 -0.875620E-03  0.106915E-02
     17  0.116144E-01  0.222639E-03  0.119197E-01  0.778296E-04 -0.139290E-03
     18 -0.130517E+00 -0.886971E-03  0.481427E-03 -0.484865E-02 -0.226040E-03
     19  0.310312E-03 -0.363217E-04 -0.492233E-04  0.357877E-04 -0.232777E-04
     20  0.192030E-01 -0.346847E-03  0.216316E-03  0.114503E-03  0.355543E-03
     21  0.545654E-02 -0.115863E-03  0.207060E-03  0.302044E-04  0.122973E-03
               11            12            13            14            15    
     11  0.237768E-01                                                        
     12 -0.499060E-02  0.137755E+00                                          
     13  0.464064E-03  0.876054E-03  0.277901E+00                            
     14  0.119154E-01  0.462180E-04 -0.170466E-01  0.285056E-01              
     15  0.447833E-03 -0.485017E-02  0.137361E+00 -0.107001E-01  0.137398E+00
     16  0.774558E-04  0.211610E-03 -0.153642E-01 -0.100678E-02  0.134649E-01
     17 -0.814152E-02 -0.150619E-03  0.159485E-02  0.233141E-02 -0.158125E-02
     18 -0.445433E-03  0.117748E-02 -0.135091E-01 -0.113547E-02  0.964487E-02
     19  0.574022E-04 -0.317403E-04  0.171642E-04  0.204331E-02  0.427789E-03
     20  0.206671E-03  0.115190E-03 -0.411145E-03 -0.540991E-02 -0.370958E-03
     21  0.205156E-03  0.304254E-04 -0.145056E-03 -0.427951E-03  0.782607E-04
               16            17            18            19            20    
     16  0.278969E+00                                                        
     17  0.876442E-02  0.274836E-01                                          
     18 -0.137827E+00 -0.617077E-02  0.137461E+00                            
     19 -0.406236E-04 -0.221884E-02 -0.440000E-03  0.129181E-02              
     20  0.235865E-03 -0.535370E-02 -0.358705E-03 -0.590750E-04 -0.260959E-02
     21  0.131728E-03 -0.430904E-03  0.789874E-04 -0.295949E-04 -0.183705E-02
               21                                                            
     21  0.995558E-03                                                        
 End
