 Number_of_Atoms:            7
 Act_energy(kcal/mol):       0. 
 Initial_Temperature:        200
 Temperature_steps:          40
 Temperature_increment:      40
 Delta_Energy_rea:           0.
 Delta_Energy_pro:           0.
 Maxstep:                    1
 Npointsint:                 5 
 Maxtdev:                    0.5
 Rearrange(1=yes,0=no)       1
 SaddlePoint                 1
 ds(1=noexp,0=standard)      0
 isct_vtst(1=vtst_sct,0=sct) 1
 zerocurvature(1)            0
 reduced_mass                1.0
 minimum_frequency            50
 anim_freq(if_Maxstep=1)       2
 onlyrotors(0=yes,1=no)        0
 proj_rea_coo(0=yes(def),1=no)            1
 numrotors            0
 Step           5
 geometry
  1   6   0  -0.00101  -0.06289  -0.71414                             
  2   6   0  -0.00086  -0.05245   0.63068                             
  3   1   0   0.92333  -0.06223  -1.27862                             
  4   1   0  -0.92481  -0.03145  -1.27864                             
  5   1   0   0.91992  -0.16292   1.19150                             
  6   1   0  -0.92478  -0.13253   1.19148                             
  7   1   0   0.02866   1.76250   1.16807                             
 gradient
      1        6          -0.000006900   -0.000399759   -0.001454886  
      2        6           0.000097943    0.006147511    0.002892619  
      3        1           0.000006186    0.000004521   -0.000060668  
      4        1          -0.000005976   -0.000000922   -0.000061087  
      5        1          -0.000029453   -0.000638129    0.000055781  
      6        1           0.000007737   -0.000643370    0.000054979  
      7        1          -0.000069536   -0.004469853   -0.001426738  
 Hessian
                1             2             3             4             5    
      1  0.649684E+00                                                        
      2 -0.894545E-02  0.111688E+00                                          
      3 -0.205763E-03 -0.704475E-02  0.784640E+00                            
      4 -0.112568E+00  0.116339E-02  0.100903E-02  0.649253E+00              
      5  0.116562E-02 -0.423958E-01  0.614220E-01 -0.101210E-01  0.364665E-01
      6  0.144487E-03  0.801393E-02 -0.478898E+00 -0.188684E-02 -0.114648E+00
      7 -0.273423E+00  0.419890E-03  0.127653E+00  0.456836E-02  0.110705E-02
      8 -0.399970E-03 -0.346343E-01  0.151814E-02  0.124120E-02  0.570385E-02
      9  0.123944E+00 -0.330490E-03 -0.131384E+00  0.295208E-01  0.673167E-03
     10 -0.273025E+00  0.750975E-02 -0.127451E+00  0.449309E-02 -0.106875E-02
     11  0.832944E-02 -0.349697E-01  0.577287E-02 -0.119991E-02  0.576302E-02
     12 -0.123806E+00  0.379061E-02 -0.131363E+00 -0.294812E-01  0.164816E-02
     13  0.430927E-02 -0.326190E-03  0.913575E-03 -0.268998E+00  0.264798E-01
     14 -0.862291E-03  0.370223E-02 -0.919685E-02  0.268397E-01 -0.286425E-01
     15 -0.296546E-01  0.305496E-02 -0.130274E-01 -0.121603E+00  0.174723E-01
     16  0.435001E-02  0.303082E-03 -0.121682E-02 -0.270520E+00 -0.184768E-01
     17  0.842615E-03  0.366167E-02 -0.917055E-02 -0.188463E-01 -0.271709E-01
     18  0.297357E-01  0.207176E-02 -0.130288E-01  0.122116E+00  0.134948E-01
     19  0.672763E-03 -0.124471E-03 -0.701579E-03 -0.622826E-02  0.914014E-03
     20 -0.129965E-03 -0.705176E-02 -0.433008E-01  0.922890E-03  0.502758E-01
     21 -0.157523E-03 -0.955602E-02 -0.169396E-01  0.325247E-03  0.199373E-01
                6             7             8             9            10    
      6  0.750544E+00                                                        
      7 -0.136151E-02  0.281472E+00                                          
      8 -0.122438E-02 -0.313278E-03  0.212916E-01                            
      9 -0.128225E-01 -0.138802E+00 -0.201627E-03  0.137757E+00              
     10  0.131934E-02 -0.150145E-01  0.749943E-03 -0.136046E-01  0.281071E+00
     11 -0.128298E-02 -0.129824E-03  0.383390E-02  0.695069E-04 -0.832127E-02
     12 -0.128178E-01  0.135992E-01 -0.380656E-03  0.100542E-01  0.138638E+00
     13 -0.124128E+00  0.975381E-03 -0.637257E-03 -0.217425E-03  0.150016E-02
     14  0.299137E-01 -0.218469E-03 -0.711710E-02 -0.463760E-04  0.166162E-03
     15 -0.128917E+00  0.223293E-03 -0.665384E-03  0.120228E-02  0.966404E-03
     16  0.125048E+00  0.147842E-02 -0.501851E-03 -0.898310E-03  0.994380E-03
     17  0.258409E-01  0.135592E-03  0.106561E-01 -0.286818E-03 -0.483022E-04
     18 -0.128916E+00 -0.947351E-03  0.606227E-03 -0.485110E-02 -0.244747E-03
     19  0.864708E-03 -0.564745E-04 -0.138785E-03  0.577105E-04 -0.191825E-04
     20  0.533866E-01 -0.100097E-02  0.265882E-03  0.122636E-03  0.101247E-02
     21  0.118275E-01 -0.364441E-03  0.347674E-03  0.441297E-04  0.376837E-03
               11            12            13            14            15    
     11  0.216330E-01                                                        
     12 -0.481171E-02  0.137733E+00                                          
     13  0.803119E-03  0.887225E-03  0.277278E+00                            
     14  0.106387E-01 -0.318060E-03 -0.282856E-01  0.320646E-01              
     15  0.573244E-03 -0.485279E-02  0.136162E+00 -0.170979E-01  0.135718E+00
     16  0.369937E-03  0.216114E-03 -0.149842E-01 -0.216345E-02  0.131508E-01
     17 -0.713313E-02 -0.522009E-04  0.270589E-02  0.125488E-02 -0.279758E-02
     18 -0.659048E-03  0.120213E-02 -0.132369E-01 -0.236539E-02  0.951738E-02
     19  0.148505E-03 -0.532673E-04 -0.815393E-04  0.452395E-02  0.754617E-03
     20  0.234231E-03  0.123856E-03 -0.739811E-03 -0.119008E-01 -0.539653E-03
     21  0.338121E-03  0.444279E-04 -0.380688E-03 -0.889130E-03  0.359101E-03
               16            17            18            19            20    
     16  0.278899E+00                                                        
     17  0.201155E-01  0.305039E-01                                          
     18 -0.136651E+00 -0.126312E-01  0.135717E+00                            
     19 -0.217463E-03 -0.490508E-02 -0.771641E-03  0.593016E-02              
     20  0.353511E-03 -0.117726E-01 -0.517163E-03 -0.418131E-03 -0.200508E-01
     21  0.351116E-03 -0.902548E-03  0.359769E-03 -0.150549E-03 -0.927544E-02
               21                                                            
     21  0.430469E-02                                                        
 End
