 Number_of_Atoms:            7
 Act_energy(kcal/mol):       0. 
 Initial_Temperature:        200
 Temperature_steps:          40
 Temperature_increment:      40
 Delta_Energy_rea:           0.
 Delta_Energy_pro:           0.
 Maxstep:                    1
 Npointsint:                 5 
 Maxtdev:                    0.5
 Rearrange(1=yes,0=no)       1
 SaddlePoint                 1
 ds(1=noexp,0=standard)      0
 isct_vtst(1=vtst_sct,0=sct) 1
 zerocurvature(1)            0
 reduced_mass                1.0
 minimum_frequency            50
 anim_freq(if_Maxstep=1)       2
 onlyrotors(0=yes,1=no)        0
 proj_rea_coo(0=yes(def),1=no)            1
 numrotors            0
 Step          15
 geometry
  1   6   0  -0.00100  -0.06208  -0.71140                             
  2   6   0  -0.00112  -0.06869   0.62405                             
  3   1   0   0.92314  -0.06218  -1.27723                             
  4   1   0  -0.92463  -0.03130  -1.27723                             
  5   1   0   0.92052  -0.14518   1.18947                             
  6   1   0  -0.92478  -0.11461   1.18948                             
  7   1   0   0.03102   1.91030   1.21560                             
 gradient
      1        6          -0.000000217    0.000057075    0.000190359  
      2        6          -0.000033438   -0.001946901   -0.000679354  
      3        1          -0.000002519    0.000003797    0.000008525  
      4        1           0.000002425    0.000001338    0.000008436  
      5        1           0.000002426    0.000151945   -0.000024186  
      6        1           0.000002665    0.000151520   -0.000024015  
      7        1           0.000028658    0.001581226    0.000520235  
 Hessian
                1             2             3             4             5    
      1  0.649026E+00                                                        
      2 -0.887633E-02  0.115913E+00                                          
      3 -0.261524E-03 -0.108245E-01  0.834825E+00                            
      4 -0.114074E+00  0.110521E-02  0.548971E-03  0.647266E+00              
      5  0.110482E-02 -0.478299E-01  0.338383E-01 -0.936608E-02  0.807645E-01
      6  0.151053E-03  0.872180E-02 -0.538441E+00 -0.122460E-02 -0.638368E-01
      7 -0.272152E+00  0.532244E-03  0.127809E+00  0.442548E-02  0.461667E-03
      8  0.524291E-04 -0.369108E-01  0.104037E-02  0.451747E-03  0.610388E-02
      9  0.123373E+00 -0.130022E-03 -0.131153E+00  0.297375E-01  0.358504E-03
     10 -0.271800E+00  0.728827E-02 -0.127626E+00  0.439791E-02 -0.407152E-03
     11  0.776725E-02 -0.372305E-01  0.531876E-02 -0.393651E-03  0.612232E-02
     12 -0.123232E+00  0.400200E-02 -0.131138E+00 -0.297088E-01  0.134594E-02
     13  0.430402E-02 -0.130071E-03  0.190979E-02 -0.269366E+00  0.178877E-01
     14 -0.108084E-03  0.499103E-02 -0.431049E-02  0.181414E-01 -0.336120E-01
     15 -0.297803E-01  0.215258E-02 -0.129822E-01 -0.122396E+00  0.120478E-01
     16  0.431492E-02  0.149807E-03 -0.204403E-02 -0.270511E+00 -0.100525E-01
     17  0.132008E-03  0.498328E-02 -0.425978E-02 -0.103136E-01 -0.325154E-01
     18  0.298328E-01  0.116157E-02 -0.129868E-01  0.122910E+00  0.803040E-02
     19  0.380768E-03 -0.691277E-04 -0.335577E-03 -0.213750E-02  0.371561E-03
     20 -0.720857E-04 -0.391623E-02 -0.208027E-01  0.375035E-03  0.209665E-01
     21 -0.836220E-04 -0.508343E-02 -0.812408E-02  0.133259E-03  0.821584E-02
                6             7             8             9            10    
      6  0.818646E+00                                                        
      7 -0.215123E-02  0.280451E+00                                          
      8 -0.597165E-03 -0.506334E-03  0.231303E-01                            
      9 -0.129740E-01 -0.138432E+00 -0.302928E-03  0.137764E+00              
     10  0.213089E-02 -0.152234E-01  0.709215E-03 -0.136183E-01  0.280090E+00
     11 -0.669292E-03 -0.848230E-04  0.370098E-02  0.766917E-04 -0.804252E-02
     12 -0.129705E-01  0.136132E-01 -0.377030E-03  0.999489E-02  0.138268E+00
     13 -0.126085E+00  0.104630E-02 -0.434377E-03 -0.215874E-03  0.150298E-02
     14  0.182587E-01 -0.168384E-03 -0.797813E-02 -0.123174E-03  0.124947E-03
     15 -0.130231E+00  0.213521E-03 -0.498024E-03  0.118136E-02  0.913479E-03
     16  0.126792E+00  0.149304E-02 -0.203720E-03 -0.883434E-03  0.105590E-02
     17  0.141189E-01  0.212974E-03  0.117289E-01  0.000000E+00 -0.129354E-03
     18 -0.130294E+00 -0.898375E-03  0.500898E-03 -0.484796E-02 -0.229351E-03
     19  0.387203E-03 -0.404031E-04 -0.689602E-04  0.386818E-04 -0.234750E-04
     20  0.240039E-01 -0.447344E-03  0.224820E-03  0.120105E-03  0.456589E-03
     21  0.626482E-02 -0.153655E-03  0.233876E-03  0.349591E-04  0.161746E-03
               11            12            13            14            15    
     11  0.234605E-01                                                        
     12 -0.493175E-02  0.137747E+00                                          
     13  0.538230E-03  0.881300E-03  0.277805E+00                            
     14  0.117224E-01 -0.307556E-04 -0.192202E-01  0.291851E-01              
     15  0.467199E-03 -0.484956E-02  0.137156E+00 -0.119721E-01  0.137124E+00
     16  0.138001E-03  0.212789E-03 -0.152937E-01 -0.122380E-02  0.134112E-01
     17 -0.798752E-02 -0.129220E-03  0.180541E-02  0.216192E-02 -0.179414E-02
     18 -0.492657E-03  0.118129E-02 -0.134628E-01 -0.135057E-02  0.963059E-02
     19  0.775092E-04 -0.343520E-04  0.235262E-05  0.245416E-02  0.482195E-03
     20  0.211820E-03  0.120819E-03 -0.446684E-03 -0.647037E-02 -0.403269E-03
     21  0.231043E-03  0.352775E-04 -0.183074E-03 -0.471522E-03  0.127154E-03
               16            17            18            19            20    
     16  0.279011E+00                                                        
     17  0.109571E-01  0.280328E-01                                          
     18 -0.137657E+00 -0.745942E-02  0.137189E+00                            
     19 -0.694635E-04 -0.266453E-02 -0.495452E-03  0.188772E-02              
     20  0.235109E-03 -0.640401E-02 -0.390217E-03 -0.100620E-03 -0.461257E-02
     21  0.168047E-03 -0.477204E-03  0.127591E-03 -0.427000E-04 -0.264860E-02
               21                                                            
     21  0.153429E-02                                                        
 End
