 Number_of_Atoms:            7
 Act_energy(kcal/mol):       0. 
 Initial_Temperature:        200
 Temperature_steps:          40
 Temperature_increment:      40
 Delta_Energy_rea:           0.
 Delta_Energy_pro:           0.
 Maxstep:                    1
 Npointsint:                 5 
 Maxtdev:                    0.5
 Rearrange(1=yes,0=no)       1
 SaddlePoint                 1
 ds(1=noexp,0=standard)      0
 isct_vtst(1=vtst_sct,0=sct) 1
 zerocurvature(1)            0
 reduced_mass                1.0
 minimum_frequency            50
 anim_freq(if_Maxstep=1)       2
 onlyrotors(0=yes,1=no)        0
 proj_rea_coo(0=yes(def),1=no)            1
 numrotors            0
 Step          19
 geometry
  1   6   0  -0.00100  -0.06199  -0.71093                             
  2   6   0  -0.00122  -0.07471   0.62200                             
  3   1   0   0.92309  -0.06208  -1.27705                             
  4   1   0  -0.92458  -0.03124  -1.27705                             
  5   1   0   0.92064  -0.14003   1.18858                             
  6   1   0  -0.92473  -0.10943   1.18860                             
  7   1   0   0.03207   1.97046   1.23573                             
 gradient
      1        6          -0.000001358   -0.000001257    0.000150986  
      2        6          -0.000046596   -0.002809364   -0.000915882  
      3        1          -0.000002803    0.000002505    0.000003160  
      4        1           0.000002587    0.000002604    0.000003290  
      5        1           0.000002864    0.000181103   -0.000037345  
      6        1           0.000003344    0.000183488   -0.000037143  
      7        1           0.000041961    0.002440921    0.000832936  
 Hessian
                1             2             3             4             5    
      1  0.648655E+00                                                        
      2 -0.885070E-02  0.116340E+00                                          
      3 -0.286116E-03 -0.124265E-01  0.846975E+00                            
      4 -0.114222E+00  0.108623E-02  0.459191E-03  0.646673E+00              
      5  0.108490E-02 -0.491432E-01  0.283479E-01 -0.919348E-02  0.906447E-01
      6  0.160617E-03  0.941725E-02 -0.552544E+00 -0.104164E-02 -0.523308E-01
      7 -0.271828E+00  0.505313E-03  0.127833E+00  0.437152E-02  0.334519E-03
      8  0.144517E-03 -0.373451E-01  0.911042E-03  0.162627E-03  0.617317E-02
      9  0.123233E+00 -0.101907E-04 -0.131092E+00  0.297930E-01  0.262022E-03
     10 -0.271483E+00  0.727856E-02 -0.127656E+00  0.435755E-02 -0.276567E-03
     11  0.763802E-02 -0.376620E-01  0.518506E-02 -0.101127E-03  0.618036E-02
     12 -0.123088E+00  0.411668E-02 -0.131078E+00 -0.297677E-01  0.125180E-02
     13  0.428477E-02 -0.113731E-03  0.212634E-02 -0.269421E+00  0.152876E-01
     14  0.116405E-03  0.536417E-02 -0.315681E-02  0.153264E-01 -0.347312E-01
     15 -0.298190E-01  0.187842E-02 -0.129959E-01 -0.122602E+00  0.102991E-01
     16  0.428807E-02  0.146472E-03 -0.222176E-02 -0.270394E+00 -0.749442E-02
     17 -0.791890E-04  0.536442E-02 -0.309979E-02 -0.753925E-02 -0.338042E-01
     18  0.298627E-01  0.886288E-03 -0.130001E-01  0.123063E+00  0.625661E-02
     19  0.306189E-03 -0.521549E-04 -0.254930E-03 -0.136620E-02  0.257467E-03
     20 -0.539549E-04 -0.291827E-02 -0.157609E-01  0.258559E-03  0.146803E-01
     21 -0.634353E-04 -0.386196E-02 -0.626530E-02  0.957655E-04  0.591344E-02
                6             7             8             9            10    
      6  0.834428E+00                                                        
      7 -0.231820E-02  0.280206E+00                                          
      8 -0.380140E-03 -0.505713E-03  0.235375E-01                            
      9 -0.130119E-01 -0.138353E+00 -0.387410E-03  0.137772E+00              
     10  0.230545E-02 -0.152819E-01  0.701100E-03 -0.136203E-01  0.279850E+00
     11 -0.452530E-03 -0.777164E-04  0.362586E-02  0.717353E-04 -0.800885E-02
     12 -0.130086E-01  0.136151E-01 -0.382132E-03  0.997546E-02  0.138186E+00
     13 -0.126548E+00  0.106647E-02 -0.361457E-03 -0.215261E-03  0.150785E-02
     14  0.150349E-01 -0.162597E-03 -0.817856E-02 -0.151402E-03  0.120214E-03
     15 -0.130518E+00  0.211373E-03 -0.435872E-03  0.117640E-02  0.897646E-03
     16  0.127153E+00  0.150157E-02 -0.981221E-04 -0.872699E-03  0.107329E-02
     17  0.108642E-01  0.224990E-03  0.119742E-01  0.102306E-03 -0.141761E-03
     18 -0.130577E+00 -0.883419E-03  0.476024E-03 -0.484907E-02 -0.225150E-03
     19  0.288825E-03 -0.350601E-04 -0.429526E-04  0.350791E-04 -0.231122E-04
     20  0.178471E-01 -0.318795E-03  0.212842E-03  0.112939E-03  0.327299E-03
     21  0.523085E-02 -0.105230E-03  0.198488E-03  0.286913E-04  0.112031E-03
               11            12            13            14            15    
     11  0.238668E-01                                                        
     12 -0.501312E-02  0.137757E+00                                          
     13  0.440385E-03  0.873964E-03  0.277927E+00                            
     14  0.119706E-01  0.706749E-04 -0.163819E-01  0.282954E-01              
     15  0.442491E-03 -0.485056E-02  0.137419E+00 -0.103083E-01  0.137475E+00
     16  0.583078E-04  0.211287E-03 -0.153868E-01 -0.940368E-03  0.134808E-01
     17 -0.818586E-02 -0.157520E-03  0.153049E-02  0.238027E-02 -0.151718E-02
     18 -0.430480E-03  0.117643E-02 -0.135228E-01 -0.107065E-02  0.964815E-02
     19  0.509783E-04 -0.311021E-04  0.213750E-04  0.192184E-02  0.411825E-03
     20  0.204173E-03  0.113609E-03 -0.401330E-03 -0.510075E-02 -0.358623E-03
     21  0.196842E-03  0.288757E-04 -0.133638E-03 -0.418378E-03  0.643783E-04
               16            17            18            19            20    
     16  0.278950E+00                                                        
     17  0.809172E-02  0.273216E-01                                          
     18 -0.137871E+00 -0.577028E-02  0.137537E+00                            
     19 -0.323774E-04 -0.208700E-02 -0.423577E-03  0.112918E-02              
     20  0.236403E-03 -0.505045E-02 -0.347515E-03 -0.481795E-04 -0.202788E-02
     21  0.120627E-03 -0.421785E-03  0.649002E-04 -0.261202E-04 -0.160665E-02
               21                                                            
     21  0.847604E-03                                                        
 End
