step=0

-0.074052	0.058474	-0.000367	-0.000104	-0.000088	0.000004	-0.000259	-0.426216	0.020213	0.002284	-0.008143	-0.134038	-0.000493	-0.014505	-0.003986	-0.000007	0.000000	-0.000000	0.000000	-0.000000	-0.000000	
0.001229	-0.000966	0.001356	0.000875	-0.003021	0.001524	0.011484	0.006857	-0.001365	0.149725	-0.483780	0.002885	-0.030147	0.001178	-0.240837	0.001327	-0.000000	0.000000	-0.000000	0.000000	0.000000	
0.000127	-0.000290	-0.057989	-0.033083	0.174577	-0.064143	-0.321755	0.000227	0.000011	0.014188	-0.016407	-0.000080	-0.002489	0.000223	-0.105963	-0.000169	0.000000	-0.000000	0.000000	-0.000000	-0.000000	
-0.059047	-0.073472	0.000532	-0.000532	0.000200	0.000126	0.000196	0.426260	-0.027547	-0.007224	0.001114	-0.132072	-0.003841	0.182031	0.005954	-0.000025	-0.000000	0.000000	-0.000000	0.000000	0.000000	
0.000958	0.001176	-0.003328	0.003828	0.009456	0.004618	-0.017875	-0.007100	-0.004346	-0.438728	0.075231	0.002135	-0.249531	-0.003815	0.341037	-0.001100	0.000000	-0.000000	0.000000	-0.000000	-0.000000	
0.000268	0.000539	0.045263	-0.048932	-0.172834	-0.066419	0.315254	-0.000094	-0.000476	-0.032452	-0.000793	-0.000090	-0.096360	0.000263	-0.090540	-0.000194	0.000000	-0.000000	0.000000	-0.000000	-0.000000	
0.128333	-0.102824	-0.136376	-0.102017	-0.062939	0.077434	-0.171176	0.112957	-0.018257	0.002277	0.008004	0.229711	-0.001098	-0.035039	-0.002718	-0.000000	0.000000	-0.000000	0.000000	-0.000000	-0.000000	
-0.000030	-0.000027	0.000141	0.000127	0.002302	-0.004006	0.005421	-0.018050	-0.465152	-0.008178	0.606961	-0.043052	-0.012220	-0.398213	-0.153716	0.000637	-0.000000	0.000000	-0.000000	0.000000	0.000000	
-0.080087	0.063800	0.080919	0.059750	-0.041842	0.113367	-0.405695	0.378776	-0.038748	0.008153	0.010964	0.429877	-0.004663	-0.049667	-0.033162	-0.000046	0.000000	-0.000000	0.000000	-0.000000	-0.000000	
0.127436	-0.101567	0.137670	0.102363	0.062995	-0.077564	0.171439	0.113166	-0.002903	-0.002389	0.012727	0.230830	0.000630	-0.021874	-0.002380	0.000001	0.000000	-0.000000	0.000000	-0.000000	-0.000000	
-0.004217	0.003412	-0.004446	-0.003285	0.000236	-0.001526	-0.000077	0.014899	0.472117	-0.019893	0.602017	0.033777	-0.011503	0.399104	-0.152064	0.000726	0.000000	-0.000000	0.000000	-0.000000	-0.000000	
0.079604	-0.063083	0.081772	0.060004	-0.041889	0.113403	-0.406397	-0.378002	0.039401	0.007074	0.009796	-0.429682	-0.004519	0.049942	-0.033082	-0.000035	-0.000000	0.000000	-0.000000	0.000000	0.000000	
0.100876	0.126528	-0.100776	0.139381	-0.062726	-0.077629	-0.176017	-0.113664	0.008670	0.014685	0.000472	0.232383	0.001194	0.054450	0.002655	-0.000012	-0.000000	0.000000	-0.000000	0.000000	0.000000	
-0.006438	-0.007991	0.006516	-0.008765	-0.005174	-0.006588	-0.006080	0.018027	0.529477	0.600779	0.097611	0.019405	0.056027	-0.327601	0.124402	-0.000686	-0.000000	0.000000	-0.000000	0.000000	0.000000	
0.063384	0.079015	-0.060266	0.082270	0.041014	0.111702	0.411017	0.379957	0.026832	0.038459	0.007912	-0.429528	-0.015980	-0.035621	-0.025619	-0.000087	0.000000	-0.000000	0.000000	-0.000000	-0.000000	
0.102510	0.129366	0.098894	-0.137530	0.062488	0.077295	0.175444	-0.114891	-0.008674	0.005379	0.003680	0.231935	0.000879	0.065279	0.001665	-0.000011	-0.000000	0.000000	-0.000000	0.000000	0.000000	
0.003135	0.003873	0.003108	-0.004075	-0.007272	-0.009085	-0.012040	-0.013993	-0.514141	0.612404	0.103853	-0.027601	0.057356	0.326209	0.125666	-0.000594	0.000000	-0.000000	0.000000	-0.000000	-0.000000	
-0.064265	-0.080597	-0.058995	0.080985	0.040927	0.111519	0.410030	-0.381173	-0.025751	0.039186	0.009792	0.429967	-0.015822	0.035846	-0.025530	-0.000076	-0.000000	0.000000	-0.000000	0.000000	0.000000	
0.000119	0.000252	0.000016	-0.000004	-0.000208	0.000014	0.000528	0.002282	0.046472	-0.002906	-0.000629	-0.006613	0.013348	-0.640885	-0.006012	0.000129	0.000001	-0.000000	0.000000	-0.000000	-0.000000	
0.000002	0.000009	0.001485	-0.000232	-0.012298	0.000011	0.034830	-0.000044	-0.002594	-0.187873	-0.000697	0.000148	0.875401	0.009599	-0.290037	-0.000865	0.000000	-0.000000	0.000000	-0.000000	-0.000000	
0.000000	0.000005	0.000482	-0.000007	-0.004225	0.000529	0.013480	-0.000016	-0.000126	-0.029851	0.020884	-0.000047	0.382076	-0.002179	0.795451	0.001494	-0.000000	0.000000	-0.000000	0.000000	0.000000	

step=1

-0.074297	0.058173	-0.000368	-0.000101	-0.000087	0.000004	-0.000259	-0.426051	0.021653	0.002136	-0.008197	-0.134032	-0.000346	-0.014335	-0.003962	0.000009	0.000002	-0.000000	0.000000	0.000000	-0.000000	
0.001233	-0.000961	0.001345	0.000863	-0.002912	0.001509	0.011781	0.006870	-0.001276	0.138856	-0.487159	0.002887	-0.021306	0.001113	-0.239746	0.000008	0.000002	-0.000000	0.000000	0.000000	-0.000000	
0.000128	-0.000289	-0.058161	-0.032657	0.174196	-0.064065	-0.324412	0.000235	0.000035	0.013730	-0.016986	-0.000080	0.003538	0.000191	-0.106261	-0.000001	-0.000000	0.000000	-0.000000	-0.000000	0.000000	
-0.058742	-0.073726	0.000533	-0.000543	0.000205	0.000129	0.000187	0.426055	-0.029665	-0.007112	0.001292	-0.132016	-0.004099	0.183003	0.005795	-0.000045	-0.000002	0.000000	-0.000000	-0.000000	0.000000	
0.000951	0.001177	-0.003461	0.004052	0.009761	0.004829	-0.018562	-0.007143	-0.004682	-0.433190	0.084686	0.002056	-0.263540	-0.003789	0.333726	-0.000006	-0.000001	0.000000	-0.000000	-0.000000	0.000000	
0.000271	0.000547	0.044801	-0.049249	-0.172372	-0.066499	0.317363	-0.000103	-0.000512	-0.033390	-0.000292	-0.000094	-0.097023	0.000229	-0.093161	-0.000001	-0.000000	0.000000	-0.000000	-0.000000	0.000000	
0.128763	-0.102295	-0.137158	-0.100982	-0.063114	0.077457	-0.170146	0.112900	-0.018983	0.002559	0.007792	0.229636	-0.001027	-0.035079	-0.002763	0.000009	0.000001	-0.000000	0.000000	0.000000	-0.000000	
-0.000040	-0.000029	0.000149	0.000131	0.002316	-0.003994	0.004802	-0.018541	-0.463108	0.004636	0.606795	-0.044659	-0.008299	-0.399274	-0.154005	-0.000058	0.000001	-0.000000	0.000000	0.000000	-0.000000	
-0.080344	0.063457	0.081370	0.059134	-0.042379	0.113440	-0.404781	0.378701	-0.040546	0.008613	0.010338	0.429811	-0.003046	-0.049791	-0.033416	0.000010	0.000001	-0.000000	0.000000	0.000000	-0.000000	
0.127859	-0.101041	0.138456	0.101318	0.063171	-0.077587	0.170395	0.113122	-0.003698	-0.002315	0.012913	0.230810	0.000692	-0.021881	-0.002333	0.000011	0.000001	-0.000000	0.000000	0.000000	-0.000000	
-0.004220	0.003396	-0.004463	-0.003245	0.000246	-0.001504	-0.000643	0.015386	0.470122	-0.008084	0.602091	0.035449	-0.007712	0.400085	-0.152524	0.000066	0.000001	-0.000000	0.000000	0.000000	-0.000000	
0.079857	-0.062743	0.082226	0.059381	-0.042426	0.113476	-0.405493	-0.377913	0.041213	0.007625	0.009210	-0.429610	-0.002915	0.050044	-0.033358	-0.000010	-0.000001	0.000000	-0.000000	-0.000000	0.000000	
0.100335	0.126925	-0.099736	0.140147	-0.062897	-0.077616	-0.175367	-0.113567	0.008941	0.015154	0.000055	0.232365	0.001247	0.053840	0.002735	-0.000023	-0.000001	0.000000	-0.000000	-0.000000	0.000000	
-0.006662	-0.008341	0.006712	-0.009164	-0.005497	-0.006919	-0.006091	0.019941	0.531416	0.601912	0.085067	0.020543	0.058256	-0.323640	0.122952	-0.000066	-0.000001	0.000000	-0.000000	-0.000000	0.000000	
0.063023	0.079231	-0.059641	0.082715	0.041503	0.111596	0.410632	0.380171	0.027772	0.040413	0.007531	-0.429438	-0.015119	-0.035151	-0.026347	0.000009	0.000001	-0.000000	0.000000	0.000000	-0.000000	
0.101991	0.129817	0.097852	-0.138258	0.062650	0.077271	0.174788	-0.114864	-0.008500	0.004907	0.003651	0.231883	0.000870	0.064546	0.001508	-0.000021	-0.000001	0.000000	-0.000000	-0.000000	0.000000	
0.003383	0.004221	0.003335	-0.004444	-0.007604	-0.009428	-0.012074	-0.015768	-0.514903	0.614725	0.091104	-0.028510	0.059437	0.322392	0.124072	0.000059	-0.000001	0.000000	-0.000000	-0.000000	0.000000	
-0.063914	-0.080839	-0.058365	0.081400	0.041415	0.111411	0.409627	-0.381392	-0.026628	0.041189	0.009361	0.429891	-0.014985	0.035386	-0.026269	-0.000010	-0.000001	0.000000	-0.000000	-0.000000	0.000000	
0.000120	0.000258	0.000017	-0.000004	-0.000220	0.000016	0.000580	0.002394	0.049885	-0.003134	-0.000584	-0.006665	0.013556	-0.643436	-0.005471	0.000147	-0.000000	0.000000	-0.000000	-0.000000	0.000000	
0.000002	0.000009	0.001566	-0.000236	-0.013096	-0.000025	0.037406	-0.000078	-0.002970	-0.197555	0.003727	0.000122	0.881213	0.009670	-0.264783	-0.000008	-0.000001	0.000000	-0.000000	-0.000000	0.000000	
0.000000	0.000005	0.000509	-0.000004	-0.004409	0.000604	0.014337	-0.000020	-0.000165	-0.030000	0.023180	-0.000053	0.358650	-0.001936	0.807522	0.000009	0.000002	-0.000000	0.000000	0.000000	-0.000000	

step=2

-0.074575	0.057827	-0.000370	-0.000097	-0.000085	0.000004	-0.000256	-0.425868	0.023181	0.002011	-0.008243	-0.134027	-0.000232	-0.014164	-0.003933	0.003324	0.003647	0.000000	-0.000000	0.000000	0.000000	
0.001238	-0.000956	0.001336	0.000849	-0.002800	0.001493	0.012088	0.006883	-0.001185	0.129705	-0.489831	0.002888	-0.014470	0.001065	-0.238185	0.003468	-0.000157	-0.000000	0.000000	-0.000000	-0.000000	
0.000129	-0.000289	-0.058361	-0.032163	0.173781	-0.063988	-0.327228	0.000239	0.000059	0.013246	-0.017522	-0.000076	0.008892	0.000166	-0.106396	-0.000412	0.000011	0.000000	-0.000000	0.000000	0.000000	
-0.058393	-0.074013	0.000532	-0.000553	0.000211	0.000131	0.000171	0.425828	-0.031907	-0.006993	0.001442	-0.131959	-0.004300	0.183982	0.005675	-0.002917	-0.003332	-0.000000	0.000000	-0.000000	-0.000000	
0.000944	0.001178	-0.003593	0.004290	0.010082	0.005043	-0.019311	-0.007185	-0.005042	-0.427686	0.092362	0.001983	-0.274659	-0.003772	0.328163	-0.002934	0.000138	0.000000	-0.000000	0.000000	0.000000	
0.000273	0.000553	0.044272	-0.049611	-0.171875	-0.066580	0.319605	-0.000112	-0.000553	-0.034321	0.000101	-0.000101	-0.098561	0.000204	-0.095056	-0.000472	0.000013	0.000000	-0.000000	0.000000	0.000000	
0.129254	-0.101686	-0.138049	-0.099780	-0.063298	0.077482	-0.169050	0.112838	-0.019758	0.002813	0.007577	0.229558	-0.000978	-0.035129	-0.002806	0.001733	0.001916	0.000000	-0.000000	0.000000	0.000000	
-0.000049	-0.000031	0.000157	0.000134	0.002329	-0.003983	0.004171	-0.019069	-0.460911	0.015184	0.606407	-0.046368	-0.005649	-0.400449	-0.154258	0.001707	-0.000410	-0.000000	0.000000	-0.000000	-0.000000	
-0.080637	0.063065	0.081885	0.058418	-0.042949	0.113516	-0.403803	0.378610	-0.042470	0.009011	0.009725	0.429742	-0.001665	-0.049932	-0.033611	0.001137	0.001406	0.000000	-0.000000	0.000000	0.000000	
0.128342	-0.100435	0.139353	0.100106	0.063355	-0.077610	0.169283	0.113071	-0.004545	-0.002283	0.013101	0.230785	0.000736	-0.021891	-0.002294	0.001735	0.001927	0.000000	-0.000000	0.000000	0.000000	
-0.004228	0.003378	-0.004484	-0.003201	0.000256	-0.001482	-0.001220	0.015908	0.467990	0.001414	0.601921	0.037221	-0.005144	0.401199	-0.152904	0.001863	0.000244	-0.000000	0.000000	0.000000	0.000000	
0.080146	-0.062351	0.082745	0.058658	-0.042997	0.113552	-0.404525	-0.377811	0.043151	0.008096	0.008627	-0.429532	-0.001545	0.050167	-0.033565	-0.001332	-0.001400	-0.000000	0.000000	-0.000000	-0.000000	
0.099716	0.127384	-0.098525	0.141016	-0.063082	-0.077601	-0.174659	-0.113466	0.009211	0.015639	-0.000325	0.232345	0.001360	0.053215	0.002816	-0.001620	-0.001846	-0.000000	0.000000	-0.000000	-0.000000	
-0.006889	-0.008713	0.006904	-0.009591	-0.005832	-0.007261	-0.006110	0.021952	0.533464	0.602388	0.074784	0.021780	0.061605	-0.319499	0.121115	-0.001746	-0.000243	0.000000	-0.000000	-0.000000	-0.000000	
0.062613	0.079483	-0.058913	0.083220	0.042027	0.111483	0.410196	0.380417	0.028789	0.042415	0.007239	-0.429337	-0.014486	-0.034660	-0.026954	0.001022	0.001404	0.000000	-0.000000	0.000000	0.000000	
0.101390	0.130325	0.096646	-0.139093	0.062824	0.077245	0.174079	-0.114831	-0.008332	0.004401	0.003661	0.231822	0.000850	0.063792	0.001345	-0.001619	-0.001836	-0.000000	0.000000	-0.000000	-0.000000	
0.003637	0.004588	0.003563	-0.004836	-0.007949	-0.009783	-0.012112	-0.017637	-0.515669	0.616465	0.080633	-0.029529	0.062682	0.318365	0.122125	-0.001605	0.000399	0.000000	-0.000000	0.000000	0.000000	
-0.063509	-0.081113	-0.057637	0.081876	0.041938	0.111299	0.409185	-0.381629	-0.027562	0.043250	0.009021	0.429797	-0.014363	0.034911	-0.026883	-0.001443	-0.001393	-0.000000	0.000000	-0.000000	-0.000000	
0.000120	0.000264	0.000019	-0.000004	-0.000232	0.000018	0.000638	0.002525	0.053533	-0.003382	-0.000546	-0.006697	0.013673	-0.645963	-0.005074	-0.001636	-0.001248	-0.000000	0.000000	-0.000000	-0.000000	
0.000002	0.000009	0.001651	-0.000240	-0.013928	-0.000046	0.040195	-0.000112	-0.003385	-0.207232	0.007769	0.000087	0.884179	0.009723	-0.246557	-0.002062	0.000077	0.000000	-0.000000	0.000000	0.000000	
0.000000	0.000005	0.000537	-0.000000	-0.004595	0.000690	0.015251	-0.000024	-0.000203	-0.030050	0.025501	-0.000060	0.341472	-0.001762	0.816150	0.003667	-0.000100	-0.000000	0.000000	-0.000000	-0.000000	

step=3

-0.074879	0.057446	-0.000369	-0.000094	-0.000084	0.000003	-0.000245	-0.425671	0.024805	0.001900	-0.008284	-0.134011	-0.000140	-0.013990	-0.003897	-0.000272	-0.000004	0.000000	-0.000000	-0.000000	0.000000	
0.001243	-0.000949	0.001328	0.000835	-0.002687	0.001478	0.012406	0.006897	-0.001115	0.122012	-0.491973	0.002885	-0.008874	0.001031	-0.236337	0.000212	0.000000	-0.000000	0.000000	0.000000	-0.000000	
0.000130	-0.000286	-0.058578	-0.031621	0.173330	-0.063903	-0.330224	0.000243	0.000077	0.012725	-0.018021	-0.000076	0.013938	0.000148	-0.106444	-0.000023	-0.000000	0.000000	-0.000000	-0.000000	0.000000	
-0.058008	-0.074325	0.000525	-0.000558	0.000216	0.000134	0.000152	0.425574	-0.034282	-0.006866	0.001569	-0.131915	-0.004469	0.184962	0.005581	0.000190	0.000004	-0.000000	0.000000	0.000000	-0.000000	
0.000936	0.001180	-0.003727	0.004543	0.010422	0.005261	-0.020137	-0.007224	-0.005326	-0.422193	0.098574	0.001927	-0.284073	-0.003757	0.323751	-0.000180	-0.000000	0.000000	-0.000000	-0.000000	0.000000	
0.000272	0.000555	0.043693	-0.050003	-0.171339	-0.066669	0.321973	-0.000116	-0.000591	-0.035228	0.000393	-0.000100	-0.100776	0.000188	-0.096507	-0.000027	-0.000000	0.000000	-0.000000	-0.000000	0.000000	
0.129785	-0.101012	-0.139016	-0.098457	-0.063493	0.077509	-0.167874	0.112765	-0.020589	0.003047	0.007360	0.229466	-0.000946	-0.035185	-0.002846	-0.000136	-0.000002	0.000000	-0.000000	-0.000000	0.000000	
-0.000056	-0.000034	0.000165	0.000137	0.002341	-0.003972	0.003531	-0.019640	-0.458565	0.023704	0.605886	-0.048190	-0.003789	-0.401755	-0.154551	0.000030	0.000001	-0.000000	0.000000	0.000000	-0.000000	
-0.080954	0.062631	0.082443	0.057630	-0.043557	0.113600	-0.402748	0.378500	-0.044536	0.009361	0.009126	0.429649	-0.000410	-0.050088	-0.033776	-0.000100	-0.000002	0.000000	-0.000000	-0.000000	0.000000	
0.128870	-0.099773	0.140315	0.098769	0.063551	-0.077636	0.168083	0.113027	-0.005452	-0.002280	0.013291	0.230762	0.000770	-0.021903	-0.002256	-0.000133	-0.000002	0.000000	-0.000000	-0.000000	0.000000	
-0.004238	0.003359	-0.004509	-0.003155	0.000263	-0.001461	-0.001808	0.016471	0.465692	0.009084	0.601620	0.039105	-0.003337	0.402459	-0.153283	0.000189	-0.000001	0.000000	-0.000000	-0.000000	0.000000	
0.080461	-0.061925	0.083301	0.057862	-0.043604	0.113634	-0.403456	-0.377712	0.045228	0.008491	0.008051	-0.429445	-0.000301	0.050310	-0.033742	0.000089	0.000002	-0.000000	0.000000	0.000000	-0.000000	
0.099044	0.127896	-0.097182	0.141946	-0.063279	-0.077584	-0.173906	-0.113356	0.009469	0.016148	-0.000671	0.232325	0.001526	0.052575	0.002897	0.000107	0.000002	-0.000000	0.000000	0.000000	-0.000000	
-0.007122	-0.009107	0.007092	-0.010043	-0.006181	-0.007618	-0.006138	0.024054	0.535474	0.602467	0.066427	0.023116	0.065776	-0.315166	0.119013	-0.000183	0.000001	-0.000000	0.000000	0.000000	-0.000000	
0.062167	0.079764	-0.058107	0.083759	0.042586	0.111360	0.409726	0.380679	0.029882	0.044479	0.007028	-0.429226	-0.014006	-0.034146	-0.027499	-0.000107	-0.000002	0.000000	-0.000000	-0.000000	0.000000	
0.100721	0.130865	0.095327	-0.140005	0.063010	0.077217	0.173324	-0.114790	-0.008177	0.003868	0.003704	0.231757	0.000814	0.063014	0.001176	0.000110	0.000002	-0.000000	0.000000	0.000000	-0.000000	
0.003898	0.004975	0.003791	-0.005253	-0.008310	-0.010151	-0.012150	-0.019615	-0.516589	0.617654	0.072092	-0.030684	0.066795	0.314099	0.119942	-0.000021	-0.000001	0.000000	-0.000000	-0.000000	0.000000	
-0.063061	-0.081404	-0.056841	0.082396	0.042496	0.111175	0.408712	-0.381879	-0.028569	0.045380	0.008761	0.429695	-0.013884	0.034410	-0.027436	0.000083	0.000002	-0.000000	0.000000	0.000000	-0.000000	
0.000119	0.000269	0.000020	-0.000004	-0.000245	0.000020	0.000696	0.002689	0.057449	-0.003646	-0.000514	-0.006702	0.013740	-0.648460	-0.004784	0.000335	0.000001	-0.000000	0.000000	0.000000	-0.000000	
0.000002	0.000010	0.001741	-0.000244	-0.014802	-0.000052	0.043240	-0.000142	-0.003785	-0.217098	0.011445	0.000050	0.885405	0.009770	-0.232755	-0.000125	-0.000000	0.000000	-0.000000	-0.000000	0.000000	
0.000000	0.000005	0.000567	0.000003	-0.004791	0.000786	0.016239	-0.000027	-0.000233	-0.030060	0.027861	-0.000067	0.328248	-0.001644	0.822758	0.000208	0.000000	-0.000000	0.000000	0.000000	-0.000000	

step=4

-0.075205	0.057031	-0.000372	-0.000092	-0.000081	0.000004	-0.000233	-0.425463	0.026536	0.001801	-0.008322	-0.133989	-0.000059	-0.013939	-0.003929	-0.049103	-0.004479	0.000000	-0.000000	0.000000	0.000000	
0.001248	-0.000943	0.001321	0.000820	-0.002571	0.001461	0.012729	0.006908	-0.001077	0.115572	-0.493710	0.002877	-0.004037	0.000978	-0.234310	-0.008061	0.001296	-0.000000	0.000000	-0.000000	-0.000000	
0.000133	-0.000285	-0.058810	-0.031028	0.172838	-0.063814	-0.333402	0.000245	0.000087	0.012152	-0.018490	-0.000073	0.018915	0.000133	-0.106428	0.000952	-0.000131	0.000000	-0.000000	0.000000	0.000000	
-0.057588	-0.074661	0.000514	-0.000559	0.000220	0.000136	0.000127	0.425296	-0.036801	-0.006734	0.001678	-0.131880	-0.004620	0.186042	0.005557	0.038912	0.004125	-0.000000	0.000000	-0.000000	-0.000000	
0.000928	0.001183	-0.003861	0.004811	0.010785	0.005485	-0.021047	-0.007253	-0.005473	-0.416704	0.103560	0.001889	-0.292483	-0.003712	0.320084	0.006962	-0.001117	0.000000	-0.000000	0.000000	0.000000	
0.000268	0.000554	0.043060	-0.050422	-0.170756	-0.066763	0.324484	-0.000123	-0.000619	-0.036100	0.000589	-0.000100	-0.103549	0.000179	-0.097688	0.001075	-0.000149	0.000000	-0.000000	0.000000	0.000000	
0.130362	-0.100283	-0.140048	-0.097002	-0.063700	0.077537	-0.166619	0.112686	-0.021482	0.003263	0.007142	0.229367	-0.000925	-0.035317	-0.002924	-0.025107	-0.002357	0.000000	-0.000000	0.000000	0.000000	
-0.000063	-0.000037	0.000172	0.000138	0.002353	-0.003961	0.002884	-0.020257	-0.456054	0.030404	0.605299	-0.050135	-0.002406	-0.403248	-0.154934	-0.010911	0.001124	-0.000000	0.000000	-0.000000	-0.000000	
-0.081300	0.062162	0.083039	0.056765	-0.044206	0.113687	-0.401612	0.378376	-0.046758	0.009666	0.008541	0.429544	0.000788	-0.050313	-0.033951	-0.017479	-0.001767	0.000000	-0.000000	0.000000	0.000000	
0.129432	-0.099047	0.141354	0.097308	0.063758	-0.077662	0.166805	0.112974	-0.006422	-0.002300	0.013485	0.230731	0.000801	-0.021982	-0.002256	-0.024880	-0.002372	0.000000	-0.000000	0.000000	0.000000	
-0.004251	0.003338	-0.004538	-0.003106	0.000270	-0.001441	-0.002407	0.017073	0.463199	0.015278	0.601251	0.041109	-0.002011	0.403882	-0.153716	0.002569	0.000220	-0.000000	0.000000	-0.000000	-0.000000	
0.080798	-0.061458	0.083901	0.056992	-0.044253	0.113719	-0.402312	-0.377596	0.047453	0.008820	0.007484	-0.429340	0.000885	0.050523	-0.033876	0.017917	0.001705	-0.000000	0.000000	-0.000000	-0.000000	
0.098318	0.128455	-0.095704	0.142934	-0.063489	-0.077567	-0.173086	-0.113239	0.009706	0.016685	-0.000987	0.232308	0.001733	0.051976	0.003010	0.021644	0.002285	-0.000000	0.000000	-0.000000	-0.000000	
-0.007359	-0.009522	0.007276	-0.010523	-0.006548	-0.007988	-0.006167	0.026254	0.537357	0.602333	0.059729	0.024564	0.070559	-0.310626	0.116740	-0.002976	-0.000184	0.000000	-0.000000	0.000000	0.000000	
0.061686	0.080073	-0.057219	0.084331	0.043182	0.111229	0.409192	0.380969	0.031053	0.046620	0.006888	-0.429108	-0.013624	-0.033652	-0.028041	-0.017187	-0.001799	0.000000	-0.000000	0.000000	0.000000	
0.099987	0.131437	0.093886	-0.140992	0.063208	0.077189	0.172509	-0.114735	-0.008040	0.003308	0.003773	0.231683	0.000766	0.062270	0.001031	0.021882	0.002271	-0.000000	0.000000	-0.000000	-0.000000	
0.004163	0.005381	0.004020	-0.005693	-0.008686	-0.010531	-0.012179	-0.021716	-0.517771	0.618306	0.065208	-0.031992	0.071540	0.309600	0.117620	0.010884	-0.001076	0.000000	-0.000000	0.000000	0.000000	
-0.062571	-0.081712	-0.055973	0.082958	0.043093	0.111047	0.408192	-0.382140	-0.029662	0.047583	0.008573	0.429574	-0.013490	0.033927	-0.027940	0.018232	0.001659	-0.000000	0.000000	-0.000000	-0.000000	
0.000117	0.000272	0.000022	-0.000004	-0.000259	0.000021	0.000759	0.002887	0.061656	-0.003932	-0.000487	-0.006678	0.013769	-0.650813	-0.004481	0.041627	0.001394	-0.000000	0.000000	-0.000000	-0.000000	
0.000001	0.000010	0.001836	-0.000248	-0.015731	-0.000047	0.046571	-0.000164	-0.004130	-0.227229	0.014775	0.000009	0.885496	0.009827	-0.221685	0.004225	-0.000702	0.000000	-0.000000	0.000000	0.000000	
0.000000	0.000006	0.000599	0.000007	-0.004999	0.000890	0.017312	-0.000029	-0.000249	-0.030053	0.030284	-0.000073	0.317480	-0.001561	0.828134	-0.008477	0.001169	-0.000000	0.000000	-0.000000	-0.000000	

step=5

-0.075566	0.056564	-0.000373	-0.000091	-0.000079	0.000005	-0.000222	-0.425227	0.028380	0.001712	-0.008356	-0.133961	0.000016	-0.013630	-0.003820	0.000271	0.004496	-0.000000	0.000000	-0.000000	0.000000	
0.001255	-0.000936	0.001315	0.000805	-0.002451	0.001445	0.013054	0.006922	-0.001070	0.110194	-0.495141	0.002864	0.000299	0.000982	-0.232102	0.004338	-0.000054	-0.000000	-0.000000	0.000000	-0.000000	
0.000137	-0.000282	-0.059064	-0.030368	0.172302	-0.063720	-0.336775	0.000242	0.000090	0.011519	-0.018933	-0.000072	0.023954	0.000123	-0.106360	-0.000450	-0.000002	0.000000	0.000000	-0.000000	0.000000	
-0.057117	-0.075030	0.000496	-0.000552	0.000226	0.000136	0.000101	0.424982	-0.039473	-0.006600	0.001770	-0.131854	-0.004764	0.186918	0.005445	-0.000242	-0.004097	0.000000	-0.000000	0.000000	-0.000000	
0.000919	0.001188	-0.003993	0.005095	0.011173	0.005714	-0.022045	-0.007279	-0.005476	-0.411252	0.107528	0.001864	-0.300209	-0.003720	0.316871	-0.003740	0.000051	0.000000	0.000000	-0.000000	0.000000	
0.000261	0.000547	0.042356	-0.050879	-0.170124	-0.066862	0.327147	-0.000132	-0.000636	-0.036943	0.000690	-0.000097	-0.106805	0.000172	-0.098707	-0.000502	-0.000002	0.000000	0.000000	-0.000000	0.000000	
0.131001	-0.099465	-0.141177	-0.095372	-0.063919	0.077565	-0.165275	0.112608	-0.022447	0.003460	0.006923	0.229261	-0.000912	-0.035331	-0.002936	0.000142	0.002361	-0.000000	0.000000	-0.000000	0.000000	
-0.000068	-0.000041	0.000178	0.000138	0.002364	-0.003951	0.002231	-0.020919	-0.453365	0.035527	0.604684	-0.052214	-0.001334	-0.404844	-0.155397	0.002244	-0.000392	-0.000000	-0.000000	0.000000	-0.000000	
-0.081683	0.061638	0.083692	0.055795	-0.044898	0.113775	-0.400382	0.378242	-0.049158	0.009923	0.007968	0.429427	0.001967	-0.050471	-0.034072	-0.000028	0.001726	-0.000000	0.000000	-0.000000	0.000000	
0.130054	-0.098234	0.142487	0.095675	0.063978	-0.077690	0.165442	0.112914	-0.007466	-0.002344	0.013684	0.230695	0.000832	-0.021936	-0.002189	0.000141	0.002372	-0.000000	0.000000	-0.000000	0.000000	
-0.004268	0.003316	-0.004571	-0.003052	0.000274	-0.001421	-0.003015	0.017719	0.460485	0.020255	0.600852	0.043248	-0.001005	0.405472	-0.154219	0.002244	0.000332	-0.000000	0.000000	-0.000000	-0.000000	
0.081171	-0.060936	0.084557	0.056019	-0.044946	0.113810	-0.401081	-0.377457	0.049843	0.009097	0.006927	-0.429219	0.002049	0.050670	-0.034048	-0.000180	-0.001727	0.000000	-0.000000	0.000000	-0.000000	
0.097513	0.129090	-0.094041	0.144001	-0.063714	-0.077548	-0.172199	-0.113119	0.009918	0.017253	-0.001277	0.232290	0.001964	0.051253	0.003069	-0.000134	-0.002270	0.000000	-0.000000	0.000000	-0.000000	
-0.007597	-0.009963	0.007449	-0.011032	-0.006932	-0.008371	-0.006194	0.028565	0.539103	0.602080	0.054444	0.026146	0.075729	-0.305828	0.114343	-0.002100	-0.000328	0.000000	-0.000000	0.000000	0.000000	
0.061154	0.080425	-0.056221	0.084947	0.043819	0.111089	0.408599	0.381291	0.032302	0.048843	0.006814	-0.428974	-0.013297	-0.033039	-0.028533	-0.000173	0.001718	-0.000000	0.000000	-0.000000	0.000000	
0.099155	0.132054	0.092282	-0.142084	0.063421	0.077161	0.171627	-0.114675	-0.007926	0.002720	0.003860	0.231600	0.000707	0.061392	0.000824	-0.000134	-0.002259	0.000000	-0.000000	0.000000	-0.000000	
0.004431	0.005808	0.004245	-0.006160	-0.009082	-0.010924	-0.012194	-0.023952	-0.519229	0.618494	0.059740	-0.033465	0.076681	0.304749	0.115171	-0.002100	0.000384	-0.000000	0.000000	-0.000000	0.000000	
-0.062017	-0.082044	-0.055009	0.083581	0.043732	0.110914	0.407613	-0.382428	-0.030852	0.049857	0.008446	0.429431	-0.013144	0.033317	-0.028490	-0.000325	-0.001722	0.000000	-0.000000	0.000000	-0.000000	
0.000115	0.000276	0.000024	-0.000004	-0.000274	0.000022	0.000825	0.003115	0.066199	-0.004222	-0.000465	-0.006617	0.013793	-0.653330	-0.004375	-0.000115	-0.001582	0.000000	-0.000000	0.000000	-0.000000	
0.000001	0.000010	0.001939	-0.000252	-0.016722	-0.000037	0.050195	-0.000183	-0.004407	-0.237521	0.017782	-0.000032	0.884802	0.009897	-0.212404	-0.002349	0.000015	0.000000	0.000000	-0.000000	0.000000	
-0.000000	0.000006	0.000635	0.000010	-0.005224	0.001003	0.018473	-0.000029	-0.000251	-0.029994	0.032794	-0.000079	0.308311	-0.001496	0.832753	0.003991	0.000020	-0.000000	-0.000000	0.000000	-0.000000	

step=6

-0.075955	0.056054	-0.000372	-0.000088	-0.000075	0.000007	-0.000198	-0.424971	0.030349	0.001633	-0.008390	-0.133924	0.000084	-0.013440	-0.003777	-0.000363	-0.000011	0.000000	0.000000	0.000000	-0.000000	
0.001262	-0.000928	0.001311	0.000788	-0.002326	0.001428	0.013382	0.006935	-0.001102	0.105726	-0.496336	0.002850	0.004205	0.000959	-0.229754	0.000256	-0.000001	0.000000	0.000000	0.000000	-0.000000	
0.000141	-0.000278	-0.059339	-0.029636	0.171719	-0.063620	-0.340347	0.000236	0.000086	0.010827	-0.019353	-0.000070	0.029088	0.000113	-0.106244	-0.000025	0.000000	-0.000000	-0.000000	-0.000000	0.000000	
-0.056602	-0.075428	0.000475	-0.000541	0.000230	0.000136	0.000061	0.424634	-0.042317	-0.006463	0.001851	-0.131846	-0.004901	0.187880	0.005387	0.000267	0.000011	-0.000000	-0.000000	-0.000000	0.000000	
0.000911	0.001193	-0.004122	0.005398	0.011587	0.005952	-0.023132	-0.007293	-0.005324	-0.405916	0.110658	0.001843	-0.307280	-0.003697	0.314044	-0.000221	0.000000	-0.000000	-0.000000	-0.000000	0.000000	
0.000252	0.000537	0.041578	-0.051374	-0.169436	-0.066966	0.329974	-0.000136	-0.000638	-0.037782	0.000697	-0.000091	-0.110497	0.000163	-0.099600	-0.000027	0.000000	-0.000000	-0.000000	-0.000000	0.000000	
0.131686	-0.098566	-0.142405	-0.093560	-0.064153	0.077594	-0.163848	0.112513	-0.023486	0.003641	0.006703	0.229141	-0.000907	-0.035420	-0.002985	-0.000183	-0.000006	0.000000	0.000000	0.000000	-0.000000	
-0.000072	-0.000045	0.000184	0.000137	0.002373	-0.003941	0.001580	-0.021637	-0.450462	0.039270	0.604073	-0.054422	-0.000500	-0.406673	-0.155971	0.000036	0.000001	-0.000000	-0.000000	-0.000000	0.000000	
-0.082093	0.061062	0.084402	0.054718	-0.045639	0.113865	-0.399078	0.378073	-0.051744	0.010135	0.007408	0.429286	0.003134	-0.050696	-0.034211	-0.000134	-0.000004	0.000000	0.000000	0.000000	-0.000000	
0.130728	-0.097351	0.143709	0.093856	0.064212	-0.077716	0.163986	0.112855	-0.008581	-0.002412	0.013887	0.230657	0.000865	-0.021954	-0.002155	-0.000180	-0.000006	0.000000	0.000000	0.000000	-0.000000	
-0.004289	0.003293	-0.004608	-0.002994	0.000276	-0.001400	-0.003630	0.018414	0.457530	0.024231	0.600439	0.045518	-0.000260	0.407260	-0.154828	0.000229	-0.000002	0.000000	0.000000	0.000000	-0.000000	
0.081575	-0.060371	0.085263	0.054936	-0.045686	0.113899	-0.399747	-0.377315	0.052402	0.009336	0.006382	-0.429086	0.003198	0.050888	-0.034193	0.000123	0.000004	-0.000000	-0.000000	-0.000000	0.000000	
0.096637	0.129780	-0.092188	0.145152	-0.063952	-0.077531	-0.171231	-0.112996	0.010099	0.017849	-0.001542	0.232272	0.002204	0.050575	0.003157	0.000147	0.000006	-0.000000	-0.000000	-0.000000	0.000000	
-0.007837	-0.010428	0.007611	-0.011572	-0.007335	-0.008768	-0.006212	0.030986	0.540697	0.601800	0.050359	0.027885	0.081054	-0.300756	0.111841	-0.000221	0.000002	-0.000000	-0.000000	-0.000000	0.000000	
0.060576	0.080807	-0.055108	0.085610	0.044498	0.110943	0.407924	0.381653	0.033627	0.051158	0.006798	-0.428824	-0.013001	-0.032441	-0.029056	-0.000143	-0.000004	0.000000	0.000000	0.000000	-0.000000	
0.098243	0.132712	0.090503	-0.143271	0.063648	0.077135	0.170672	-0.114602	-0.007841	0.002100	0.003962	0.231508	0.000645	0.060554	0.000639	0.000150	0.000006	-0.000000	-0.000000	-0.000000	0.000000	
0.004701	0.006255	0.004464	-0.006656	-0.009496	-0.011330	-0.012187	-0.026336	-0.520993	0.618267	0.055493	-0.035103	0.081968	0.299623	0.112622	-0.000026	-0.000001	0.000000	0.000000	0.000000	-0.000000	
-0.061412	-0.082399	-0.053940	0.084257	0.044414	0.110778	0.406977	-0.382728	-0.032143	0.052181	0.008373	0.429266	-0.012828	0.032718	-0.029024	0.000115	0.000004	-0.000000	-0.000000	-0.000000	0.000000	
0.000111	0.000279	0.000026	-0.000004	-0.000290	0.000024	0.000893	0.003392	0.071105	-0.004515	-0.000449	-0.006508	0.013815	-0.655683	-0.004210	0.000396	0.000003	-0.000000	-0.000000	-0.000000	0.000000	
0.000001	0.000011	0.002049	-0.000260	-0.017772	-0.000027	0.054094	-0.000193	-0.004599	-0.247727	0.020465	-0.000074	0.883531	0.009997	-0.204515	-0.000139	0.000000	-0.000000	-0.000000	-0.000000	0.000000	
-0.000000	0.000006	0.000673	0.000013	-0.005465	0.001120	0.019720	-0.000028	-0.000240	-0.029798	0.035415	-0.000085	0.300410	-0.001421	0.836770	0.000221	-0.000001	0.000000	0.000000	0.000000	-0.000000	

step=7

-0.076374	0.055494	-0.000372	-0.000088	-0.000072	0.000010	-0.000172	-0.424696	0.032443	0.001575	-0.008425	-0.133878	0.000145	-0.013297	-0.003767	-0.047259	0.004214	0.000000	-0.000000	0.000000	-0.000000	
0.001270	-0.000920	0.001309	0.000769	-0.002198	0.001411	0.013707	0.006950	-0.001166	0.101974	-0.497370	0.002831	0.007662	0.000918	-0.227278	-0.009694	-0.000528	-0.000000	0.000000	-0.000000	0.000000	
0.000145	-0.000273	-0.059635	-0.028826	0.171085	-0.063508	-0.344135	0.000224	0.000077	0.010076	-0.019757	-0.000068	0.034297	0.000104	-0.106091	0.001008	0.000044	0.000000	-0.000000	0.000000	-0.000000	
-0.056039	-0.075857	0.000447	-0.000523	0.000235	0.000135	0.000016	0.424253	-0.045326	-0.006352	0.001924	-0.131855	-0.005023	0.188868	0.005361	0.037462	-0.003925	-0.000000	0.000000	-0.000000	0.000000	
0.000902	0.001200	-0.004246	0.005720	0.012025	0.006198	-0.024294	-0.007308	-0.005018	-0.400758	0.113156	0.001842	-0.313608	-0.003651	0.311621	0.008494	0.000464	0.000000	-0.000000	0.000000	-0.000000	
0.000239	0.000521	0.040718	-0.051907	-0.168687	-0.067082	0.332965	-0.000142	-0.000627	-0.038640	0.000618	-0.000084	-0.114595	0.000154	-0.100360	0.001089	0.000048	0.000000	-0.000000	0.000000	-0.000000	
0.132428	-0.097583	-0.143727	-0.091544	-0.064401	0.077621	-0.162317	0.112411	-0.024603	0.003806	0.006485	0.229008	-0.000914	-0.035556	-0.003058	-0.024136	0.002222	0.000000	-0.000000	0.000000	-0.000000	
-0.000076	-0.000049	0.000190	0.000136	0.002381	-0.003931	0.000922	-0.022398	-0.447323	0.041872	0.603462	-0.056789	0.000098	-0.408738	-0.156673	-0.012862	-0.000777	-0.000000	0.000000	-0.000000	0.000000	
-0.082537	0.060435	0.085165	0.053519	-0.046431	0.113959	-0.397661	0.377888	-0.054516	0.010294	0.006857	0.429125	0.004271	-0.050980	-0.034365	-0.016758	0.001647	0.000000	-0.000000	0.000000	-0.000000	
0.131452	-0.096381	0.145030	0.091838	0.064461	-0.077742	0.162428	0.112784	-0.009781	-0.002486	0.014096	0.230608	0.000898	-0.022005	-0.002140	-0.023873	0.002238	0.000000	-0.000000	0.000000	-0.000000	
-0.004314	0.003268	-0.004651	-0.002931	0.000276	-0.001380	-0.004244	0.019147	0.454293	0.027449	0.600020	0.047940	0.000254	0.409259	-0.155568	0.002783	0.000225	0.000000	-0.000000	0.000000	-0.000000	
0.082008	-0.059750	0.086026	0.053736	-0.046478	0.113995	-0.398302	-0.377147	0.055152	0.009527	0.005846	-0.428927	0.004323	0.051158	-0.034327	0.017209	-0.001627	-0.000000	0.000000	-0.000000	0.000000	
0.095683	0.130537	-0.090123	0.146381	-0.064204	-0.077514	-0.170191	-0.112866	0.010232	0.018486	-0.001787	0.232258	0.002446	0.049919	0.003260	0.020602	-0.002176	-0.000000	0.000000	-0.000000	0.000000	
-0.008075	-0.010918	0.007756	-0.012144	-0.007757	-0.009176	-0.006218	0.033523	0.542136	0.601577	0.047237	0.029790	0.086333	-0.295369	0.109213	-0.003165	-0.000238	-0.000000	0.000000	-0.000000	0.000000	
0.059949	0.081228	-0.053871	0.086317	0.045217	0.110787	0.407181	0.382050	0.035053	0.053535	0.006824	-0.428657	-0.012731	-0.031830	-0.029602	-0.016364	0.001655	0.000000	-0.000000	0.000000	-0.000000	
0.097236	0.133410	0.088531	-0.144563	0.063887	0.077109	0.169649	-0.114516	-0.007807	0.001463	0.004077	0.231407	0.000582	0.059729	0.000462	0.020872	-0.002160	-0.000000	0.000000	-0.000000	0.000000	
0.004971	0.006723	0.004674	-0.007179	-0.009932	-0.011746	-0.012176	-0.028830	-0.523076	0.617688	0.052215	-0.036962	0.087211	0.294177	0.109948	0.012663	0.000755	0.000000	-0.000000	0.000000	-0.000000	
-0.060747	-0.082774	-0.052757	0.084994	0.045138	0.110635	0.406283	-0.383046	-0.033576	0.054580	0.008345	0.429071	-0.012539	0.032104	-0.029561	0.017558	-0.001604	-0.000000	0.000000	-0.000000	0.000000	
0.000107	0.000281	0.000028	-0.000005	-0.000306	0.000025	0.000967	0.003716	0.076413	-0.004787	-0.000439	-0.006340	0.013823	-0.657916	-0.004021	0.040337	-0.001122	-0.000000	0.000000	-0.000000	0.000000	
0.000000	0.000011	0.002166	-0.000272	-0.018876	-0.000023	0.058246	-0.000205	-0.004691	-0.257596	0.022840	-0.000105	0.881807	0.010100	-0.197954	0.004720	0.000256	0.000000	-0.000000	0.000000	-0.000000	
-0.000000	0.000006	0.000714	0.000014	-0.005721	0.001243	0.021043	-0.000028	-0.000215	-0.029370	0.038167	-0.000085	0.293753	-0.001343	0.840237	-0.008880	-0.000388	-0.000000	0.000000	-0.000000	0.000000	

step=8

-0.076816	0.054896	-0.000374	-0.000089	-0.000068	0.000015	-0.000151	-0.424391	0.034666	0.001534	-0.008463	-0.133813	0.000198	-0.013057	-0.003695	0.045849	0.005303	-0.000000	0.000000	-0.000000	0.000000	
0.001279	-0.000911	0.001309	0.000750	-0.002066	0.001393	0.014027	0.006970	-0.001265	0.098776	-0.498295	0.002812	0.010656	0.000867	-0.224653	0.006269	-0.001796	0.000000	-0.000000	0.000000	-0.000000	
0.000153	-0.000269	-0.059947	-0.027943	0.170399	-0.063389	-0.348126	0.000214	0.000063	0.009264	-0.020151	-0.000066	0.039561	0.000079	-0.105921	-0.000653	0.000159	-0.000000	0.000000	-0.000000	0.000000	
-0.055435	-0.076307	0.000415	-0.000495	0.000239	0.000132	-0.000025	0.423825	-0.048523	-0.006252	0.001992	-0.131897	-0.005124	0.189753	0.005268	-0.036325	-0.004946	0.000000	-0.000000	0.000000	-0.000000	
0.000894	0.001208	-0.004363	0.006059	0.012485	0.006453	-0.025532	-0.007321	-0.004573	-0.395794	0.115197	0.001835	-0.319155	-0.003558	0.309615	-0.005538	0.001575	-0.000000	0.000000	-0.000000	0.000000	
0.000223	0.000499	0.039777	-0.052472	-0.167879	-0.067205	0.336116	-0.000154	-0.000598	-0.039538	0.000461	-0.000078	-0.119071	0.000134	-0.100976	-0.000691	0.000168	-0.000000	0.000000	-0.000000	0.000000	
0.133213	-0.096537	-0.145128	-0.089327	-0.064663	0.077649	-0.160685	0.112308	-0.025805	0.003950	0.006270	0.228865	-0.000933	-0.035661	-0.003101	0.023402	0.002796	-0.000000	0.000000	-0.000000	0.000000	
-0.000079	-0.000053	0.000197	0.000134	0.002387	-0.003923	0.000268	-0.023211	-0.443914	0.043551	0.602852	-0.059285	0.000458	-0.411044	-0.157448	0.011395	-0.001583	0.000000	-0.000000	0.000000	-0.000000	
-0.083007	0.059766	0.085974	0.052201	-0.047271	0.114055	-0.396128	0.377692	-0.057487	0.010395	0.006315	0.428943	0.005370	-0.051264	-0.034496	0.016333	0.002104	-0.000000	0.000000	-0.000000	0.000000	
0.132208	-0.095340	0.146438	0.089625	0.064724	-0.077769	0.160773	0.112704	-0.011058	-0.002585	0.014314	0.230552	0.000933	-0.022010	-0.002093	0.023129	0.002817	-0.000000	0.000000	-0.000000	0.000000	
-0.004343	0.003242	-0.004699	-0.002864	0.000271	-0.001359	-0.004860	0.019929	0.450752	0.030089	0.599590	0.050494	0.000568	0.411472	-0.156511	-0.004856	-0.000288	0.000000	-0.000000	0.000000	-0.000000	
0.082462	-0.059085	0.086839	0.052420	-0.047318	0.114096	-0.396755	-0.376953	0.058082	0.009708	0.005319	-0.428742	0.005415	0.051418	-0.034498	-0.016620	-0.002032	0.000000	-0.000000	0.000000	-0.000000	
0.094672	0.131347	-0.087851	0.147672	-0.064470	-0.077497	-0.169076	-0.112730	0.010322	0.019150	-0.002015	0.232244	0.002690	0.049228	0.003330	-0.019883	-0.002743	0.000000	-0.000000	0.000000	-0.000000	
-0.008313	-0.011433	0.007881	-0.012747	-0.008197	-0.009593	-0.006207	0.036179	0.543440	0.601446	0.044867	0.031901	0.091454	-0.289614	0.106455	0.005083	0.000231	-0.000000	0.000000	-0.000000	0.000000	
0.059283	0.081678	-0.052510	0.087060	0.045980	0.110621	0.406369	0.382477	0.036560	0.056000	0.006885	-0.428468	-0.012493	-0.031165	-0.030142	0.016039	0.002153	-0.000000	0.000000	-0.000000	0.000000	
0.096153	0.134129	0.086372	-0.145949	0.064140	0.077084	0.168553	-0.114423	-0.007824	0.000801	0.004198	0.231294	0.000518	0.058864	0.000244	-0.020161	-0.002722	0.000000	-0.000000	0.000000	-0.000000	
0.005238	0.007208	0.004870	-0.007730	-0.010387	-0.012175	-0.012140	-0.031467	-0.525458	0.616823	0.049704	-0.039006	0.092325	0.288342	0.107041	-0.011262	0.001514	-0.000000	0.000000	-0.000000	0.000000	
-0.060034	-0.083159	-0.051464	0.085784	0.045906	0.110486	0.405519	-0.383395	-0.035131	0.057011	0.008344	0.428850	-0.012285	0.031421	-0.030146	-0.016839	-0.001962	0.000000	-0.000000	0.000000	-0.000000	
0.000102	0.000282	0.000030	-0.000006	-0.000323	0.000026	0.001042	0.004093	0.082181	-0.005034	-0.000438	-0.006092	0.013788	-0.660134	-0.003810	-0.039351	-0.001379	0.000000	-0.000000	0.000000	-0.000000	
-0.000000	0.000011	0.002291	-0.000288	-0.020025	-0.000021	0.062639	-0.000218	-0.004677	-0.267013	0.024910	-0.000139	0.879709	0.010131	-0.192708	-0.002882	0.000888	-0.000000	0.000000	-0.000000	0.000000	
-0.000001	0.000006	0.000760	0.000014	-0.005990	0.001372	0.022438	-0.000028	-0.000178	-0.028647	0.041079	-0.000085	0.288354	-0.001145	0.843204	0.005722	-0.001392	0.000000	-0.000000	0.000000	-0.000000	

step=9

-0.077912	0.053343	-0.000374	-0.000084	-0.000062	0.000018	-0.000127	-0.424037	0.037013	0.001540	-0.008519	-0.133826	0.000246	-0.012779	-0.003610	-0.002141	0.003406	-0.000000	-0.000000	0.000000	-0.000000	
0.001302	-0.000889	0.001325	0.000703	-0.001930	0.001374	0.014305	0.007014	-0.001411	0.096058	-0.499156	0.002808	0.013212	0.000636	-0.221881	-0.005951	0.000042	0.000000	0.000000	0.000000	0.000000	
0.000163	-0.000259	-0.060789	-0.025800	0.169681	-0.063320	-0.352053	0.000214	0.000064	0.008376	-0.020532	-0.000062	0.044855	-0.000032	-0.105740	0.000541	-0.000009	-0.000000	-0.000000	-0.000000	-0.000000	
-0.053884	-0.077417	0.000360	-0.000455	0.000242	0.000131	-0.000069	0.423395	-0.051934	-0.006231	0.002052	-0.131874	-0.005165	0.190564	0.005034	0.002320	-0.002695	0.000000	0.000000	-0.000000	0.000000	
0.000877	0.001238	-0.004340	0.006494	0.012959	0.006703	-0.026827	-0.007366	-0.003865	-0.391006	0.116894	0.001833	-0.323975	-0.003112	0.308064	0.005211	-0.000041	-0.000000	-0.000000	-0.000000	-0.000000	
0.000195	0.000465	0.037716	-0.053814	-0.167059	-0.067278	0.339274	-0.000172	-0.000557	-0.040410	0.000206	-0.000069	-0.123876	0.000063	-0.101437	0.000557	-0.000009	-0.000000	-0.000000	-0.000000	-0.000000	
0.135147	-0.093829	-0.148276	-0.084030	-0.064908	0.077679	-0.159102	0.112134	-0.027084	0.004054	0.006080	0.228736	-0.000968	-0.035791	-0.003120	-0.001168	0.001738	-0.000000	-0.000000	0.000000	-0.000000	
-0.000083	-0.000056	0.000208	0.000128	0.002395	-0.003920	-0.000361	-0.024051	-0.440163	0.044222	0.602209	-0.061929	0.000527	-0.413826	-0.158106	-0.002131	0.000678	0.000000	-0.000000	0.000000	-0.000000	
-0.084188	0.058064	0.087804	0.049061	-0.048097	0.114137	-0.394646	0.377358	-0.060628	0.010386	0.005811	0.428821	0.006415	-0.051620	-0.034592	-0.000738	0.001223	-0.000000	-0.000000	0.000000	-0.000000	
0.134106	-0.092662	0.149584	0.084314	0.064968	-0.077797	0.159163	0.112567	-0.012386	-0.002709	0.014563	0.230523	0.000970	-0.021993	-0.002028	-0.001200	0.001716	-0.000000	-0.000000	0.000000	-0.000000	
-0.004419	0.003167	-0.004811	-0.002702	0.000257	-0.001338	-0.005447	0.020744	0.446771	0.032422	0.599157	0.053129	0.000770	0.413896	-0.157971	-0.004053	-0.000631	0.000000	0.000000	0.000000	0.000000	
0.083620	-0.057400	0.088667	0.049267	-0.048142	0.114179	-0.395249	-0.376635	0.061174	0.009906	0.004806	-0.428631	0.006473	0.051690	-0.034728	0.000976	-0.001227	0.000000	0.000000	-0.000000	0.000000	
0.092045	0.133325	-0.082434	0.150632	-0.064751	-0.077480	-0.167895	-0.112635	0.010361	0.019877	-0.002211	0.232201	0.002965	0.048533	0.003355	0.001304	-0.001467	0.000000	0.000000	-0.000000	0.000000	
-0.008406	-0.012071	0.007718	-0.013530	-0.008639	-0.009995	-0.006129	0.038963	0.544437	0.601630	0.043174	0.034217	0.096349	-0.283318	0.103703	0.003833	0.000629	-0.000000	-0.000000	-0.000000	-0.000000	
0.057612	0.082855	-0.049295	0.088798	0.046763	0.110470	0.405454	0.383032	0.038089	0.058488	0.006940	-0.428157	-0.012319	-0.030460	-0.030676	-0.000519	0.001214	-0.000000	-0.000000	0.000000	-0.000000	
0.093386	0.135954	0.081143	-0.149049	0.064408	0.077060	0.167393	-0.114391	-0.007996	0.000189	0.004330	0.231144	0.000488	0.058042	-0.000032	0.001273	-0.001489	0.000000	0.000000	-0.000000	0.000000	
0.005389	0.007744	0.004872	-0.008373	-0.010856	-0.012605	-0.012086	-0.034209	-0.528429	0.615512	0.047848	-0.041249	0.097401	0.282022	0.103690	0.001918	-0.000678	-0.000000	0.000000	-0.000000	0.000000	
-0.058278	-0.084235	-0.048369	0.087598	0.046697	0.110349	0.404644	-0.383868	-0.036812	0.059362	0.008366	0.428509	-0.012075	0.030646	-0.030804	0.001185	-0.001226	0.000000	0.000000	-0.000000	0.000000	
0.000091	0.000282	0.000032	-0.000006	-0.000337	0.000026	0.001116	0.004539	0.088593	-0.005226	-0.000447	-0.005776	0.013521	-0.662259	-0.003087	-0.000826	-0.002954	0.000000	0.000000	0.000000	0.000000	
-0.000001	0.000011	0.002417	-0.000357	-0.021214	-0.000012	0.067235	-0.000234	-0.004410	-0.276032	0.026653	-0.000184	0.877275	0.009770	-0.188702	0.002986	0.000001	-0.000000	-0.000000	-0.000000	-0.000000	
-0.000001	0.000006	0.000808	-0.000004	-0.006271	0.001511	0.023896	-0.000034	-0.000120	-0.027605	0.044213	-0.000088	0.284177	-0.000364	0.845691	-0.004692	0.000076	0.000000	0.000000	0.000000	0.000000	

step=10

-0.078373	0.052679	-0.000374	-0.000087	-0.000058	0.000023	-0.000097	-0.423673	0.039506	0.001539	-0.008542	-0.133730	0.000284	-0.012522	-0.003559	-0.004594	0.007365	0.000000	-0.000000	-0.000000	0.000000	
0.001310	-0.000878	0.001328	0.000681	-0.001790	0.001353	0.014612	0.007023	-0.001553	0.093553	-0.499995	0.002779	0.015441	0.000597	-0.218970	0.008974	-0.004250	-0.000000	0.000000	0.000000	-0.000000	
0.000170	-0.000251	-0.061089	-0.024782	0.168867	-0.063177	-0.356540	0.000198	0.000049	0.007364	-0.020938	-0.000058	0.050321	-0.000049	-0.105569	-0.000780	0.000362	0.000000	-0.000000	-0.000000	0.000000	
-0.053214	-0.077886	0.000316	-0.000405	0.000246	0.000128	-0.000123	0.422872	-0.055543	-0.006159	0.002111	-0.131995	-0.005253	0.191356	0.004985	0.003067	-0.006167	-0.000000	0.000000	0.000000	-0.000000	
0.000867	0.001248	-0.004436	0.006879	0.013461	0.006979	-0.028220	-0.007360	-0.003165	-0.386247	0.118438	0.001819	-0.328253	-0.003053	0.306850	-0.007882	0.003736	0.000000	-0.000000	-0.000000	0.000000	
0.000173	0.000427	0.036614	-0.054394	-0.166104	-0.067424	0.342828	-0.000178	-0.000494	-0.041363	-0.000091	-0.000065	-0.129089	0.000046	-0.101762	-0.000779	0.000361	0.000000	-0.000000	-0.000000	0.000000	
0.135967	-0.092663	-0.149741	-0.081427	-0.065206	0.077703	-0.157232	0.112005	-0.028438	0.004156	0.005837	0.228557	-0.001008	-0.035905	-0.003192	-0.002273	0.003796	0.000000	-0.000000	-0.000000	0.000000	
-0.000077	-0.000064	0.000207	0.000120	0.002395	-0.003913	-0.001019	-0.024951	-0.436099	0.044574	0.601553	-0.064676	0.000551	-0.416690	-0.159274	0.002434	-0.001493	-0.000000	0.000000	0.000000	-0.000000	
-0.084676	0.057319	0.088646	0.047514	-0.049062	0.114238	-0.392863	0.377105	-0.064016	0.010346	0.005279	0.428578	0.007461	-0.051965	-0.034773	-0.001764	0.002821	0.000000	-0.000000	-0.000000	0.000000	
0.134899	-0.091513	0.151046	0.081719	0.065267	-0.077820	0.157267	0.112476	-0.013857	-0.002843	0.014770	0.230442	0.001015	-0.022008	-0.001994	-0.002198	0.003772	0.000000	-0.000000	-0.000000	0.000000	
-0.004451	0.003136	-0.004861	-0.002622	0.000248	-0.001322	-0.006050	0.021610	0.442479	0.034328	0.598688	0.055961	0.000747	0.416673	-0.159256	0.006902	-0.002931	-0.000000	0.000000	0.000000	-0.000000	
0.084093	-0.056666	0.089509	0.047725	-0.049105	0.114284	-0.393432	-0.376404	0.064502	0.010057	0.004297	-0.428388	0.007509	0.052014	-0.034916	0.001425	-0.002663	-0.000000	0.000000	0.000000	-0.000000	
0.090936	0.134209	-0.079764	0.151935	-0.065049	-0.077467	-0.166588	-0.112478	0.010332	0.020565	-0.002420	0.232185	0.003229	0.047882	0.003438	0.001609	-0.003368	-0.000000	0.000000	0.000000	-0.000000	
-0.008637	-0.012640	0.007788	-0.014197	-0.009122	-0.010447	-0.006139	0.041861	0.545515	0.601729	0.041824	0.036816	0.101298	-0.276722	0.100472	-0.006548	0.002766	0.000000	-0.000000	-0.000000	0.000000	
0.056882	0.083339	-0.047698	0.089540	0.047626	0.110289	0.404445	0.383540	0.039810	0.061209	0.007040	-0.427913	-0.012144	-0.029762	-0.031294	-0.002076	0.002953	0.000000	-0.000000	-0.000000	0.000000	
0.092171	0.136668	0.078623	-0.150523	0.064692	0.077038	0.166110	-0.114271	-0.008098	-0.000536	0.004456	0.231008	0.000375	0.057176	-0.000241	0.001682	-0.003392	-0.000000	0.000000	0.000000	-0.000000	
0.005655	0.008281	0.005035	-0.008999	-0.011351	-0.013067	-0.012060	-0.037106	-0.531399	0.614143	0.046348	-0.043750	0.102269	0.275318	0.100370	-0.002110	0.001337	0.000000	-0.000000	-0.000000	0.000000	
-0.057479	-0.084606	-0.046863	0.088434	0.047568	0.110186	0.403705	-0.384275	-0.038686	0.061971	0.008390	0.428229	-0.011906	0.029932	-0.031436	0.001092	-0.002498	-0.000000	0.000000	0.000000	-0.000000	
0.000083	0.000280	0.000035	-0.000007	-0.000355	0.000027	0.001205	0.005031	0.095400	-0.005401	-0.000454	-0.005280	0.013538	-0.664233	-0.002934	0.006449	-0.004943	-0.000000	0.000000	0.000000	-0.000000	
-0.000001	0.000011	0.002557	-0.000387	-0.022444	-0.000003	0.072223	-0.000253	-0.004216	-0.284798	0.028194	-0.000219	0.874533	0.009893	-0.185551	-0.004444	0.002095	0.000000	-0.000000	-0.000000	0.000000	
-0.000001	0.000006	0.000861	-0.000008	-0.006561	0.001658	0.025460	-0.000035	-0.000075	-0.026268	0.047557	-0.000084	0.280878	-0.000208	0.847838	0.006704	-0.003110	-0.000000	0.000000	0.000000	-0.000000	

step=11

-0.078913	0.051881	-0.000373	0.000089	-0.000053	0.000027	-0.000056	-0.423295	0.042126	0.001557	-0.008565	-0.133595	0.000316	-0.012237	-0.003507	0.000046	0.000096	-0.000000	0.000000	0.000000	-0.000000	
0.001319	-0.000865	0.001333	-0.000654	-0.001646	0.001330	0.014885	0.007033	-0.001708	0.091282	-0.500824	0.002749	0.017397	0.000569	-0.215920	-0.000139	-0.000028	0.000000	0.000000	-0.000000	0.000000	
0.000177	-0.000241	-0.061439	0.023584	0.168020	-0.063023	-0.361058	0.000177	0.000033	0.006178	-0.021333	-0.000054	0.055922	-0.000062	-0.105402	0.000012	0.000002	-0.000000	-0.000000	0.000000	-0.000000	
-0.052412	-0.078434	0.000267	0.000345	0.000251	0.000125	-0.000188	0.422314	-0.059365	-0.006108	0.002171	-0.132192	-0.005334	0.192054	0.004951	-0.000043	-0.000090	0.000000	-0.000000	-0.000000	0.000000	
0.000856	0.001260	-0.004505	-0.007285	0.013977	0.007259	-0.029659	-0.007353	-0.002384	-0.381490	0.119848	0.001804	-0.332102	-0.003005	0.305978	0.000123	0.000025	-0.000000	-0.000000	0.000000	-0.000000	
0.000147	0.000382	0.035339	0.055053	-0.165108	-0.067581	0.346372	-0.000177	-0.000414	-0.042227	-0.000471	-0.000056	-0.134626	0.000033	-0.101951	0.000011	0.000002	-0.000000	-0.000000	0.000000	-0.000000	
0.136925	-0.091265	-0.151389	0.078358	-0.065508	0.077728	-0.155321	0.111861	-0.029868	0.004235	0.005594	0.228374	-0.001059	-0.036024	-0.003273	0.000024	0.000051	-0.000000	0.000000	0.000000	-0.000000	
-0.000071	-0.000072	0.000206	-0.000112	0.002390	-0.003907	-0.001660	-0.025883	-0.431648	0.044449	0.600867	-0.067522	0.000456	-0.419879	-0.160666	-0.000080	-0.000028	0.000000	0.000000	-0.000000	0.000000	
-0.085249	0.056432	0.089597	-0.045694	-0.050045	0.114343	-0.391011	0.376808	-0.067586	0.010207	0.004751	0.428302	0.008489	-0.052328	-0.034975	0.000021	0.000038	-0.000000	0.000000	0.000000	-0.000000	
0.135829	-0.090136	0.152689	-0.078658	0.065569	-0.077842	0.155324	0.112378	-0.015414	-0.002986	0.014973	0.230364	0.001065	-0.022017	-0.001960	0.000024	0.000051	-0.000000	0.000000	0.000000	-0.000000	
-0.004489	0.003097	-0.004917	0.002528	0.000234	-0.001305	-0.006633	0.022506	0.437772	0.035944	0.598186	0.058899	0.000615	0.419784	-0.160741	-0.000066	-0.000001	0.000000	0.000000	-0.000000	0.000000	
0.084650	-0.055791	0.090457	-0.045908	-0.050086	0.114389	-0.391532	-0.376151	0.068006	0.010160	0.003796	-0.428123	0.008529	0.052359	-0.035122	-0.000016	-0.000037	0.000000	-0.000000	-0.000000	0.000000	
0.089607	0.135246	-0.076618	-0.153393	-0.065349	-0.077458	-0.165264	-0.112316	0.010203	0.021246	-0.002614	0.232165	0.003512	0.047276	0.003519	-0.000024	-0.000050	0.000000	-0.000000	-0.000000	0.000000	
-0.008841	-0.013235	0.007797	0.014895	-0.009609	-0.010903	-0.006188	0.044869	0.546529	0.601895	0.040840	0.039661	0.106244	-0.269623	0.096974	0.000060	0.000000	-0.000000	-0.000000	0.000000	-0.000000	
0.056015	0.083917	-0.045821	-0.090376	0.048497	0.110099	0.403384	0.384078	0.041626	0.064009	0.007131	-0.427624	-0.012013	-0.029035	-0.031962	0.000026	0.000039	-0.000000	0.000000	0.000000	-0.000000	
0.090716	0.137501	0.075644	0.152189	0.064980	0.077021	0.164806	-0.114146	-0.008293	-0.001256	0.004580	0.230855	0.000242	0.056335	-0.000452	-0.000024	-0.000050	0.000000	-0.000000	-0.000000	0.000000	
0.005899	0.008836	0.005156	0.009655	-0.011852	-0.013534	-0.012069	-0.040116	-0.534589	0.612569	0.045211	-0.046494	0.107131	0.268104	0.096799	0.000074	0.000027	-0.000000	-0.000000	0.000000	-0.000000	
-0.056532	-0.085050	-0.045089	-0.089385	0.048448	0.110016	0.402724	-0.384700	-0.040703	0.064628	0.008402	0.427905	-0.011786	0.029187	-0.032116	-0.000011	-0.000036	0.000000	-0.000000	-0.000000	0.000000	
0.000074	0.000277	0.000038	0.000008	-0.000374	0.000029	0.001299	0.005608	0.102857	-0.005537	-0.000468	-0.004629	0.013552	-0.666053	-0.002818	-0.000010	-0.000022	0.000000	-0.000000	-0.000000	0.000000	
-0.000002	0.000011	0.002704	0.000428	-0.023715	0.000012	0.077529	-0.000274	-0.003945	-0.293459	0.029502	-0.000256	0.871482	0.010020	-0.183121	0.000066	0.000013	-0.000000	-0.000000	0.000000	-0.000000	
-0.000001	0.000006	0.000917	0.000016	-0.006861	0.001817	0.027109	-0.000036	-0.000027	-0.024612	0.051157	-0.000078	0.278358	-0.000082	0.849672	-0.000100	-0.000019	0.000000	0.000000	-0.000000	0.000000	

step=12

-0.078869	0.051965	-0.000367	0.000097	-0.000049	0.000032	-0.000004	-0.422905	0.044885	0.001553	-0.008547	-0.133334	0.000342	-0.011925	-0.003479	0.000112	-0.000300	-0.000000	0.000000	-0.000000	-0.000000	
0.001312	-0.000862	0.001327	-0.000649	-0.001498	0.001305	0.015176	0.007002	-0.001834	0.089080	-0.501676	0.002691	0.019151	0.000841	-0.212702	0.000418	-0.008279	-0.000000	0.000000	-0.000000	-0.000000	
0.000181	-0.000231	-0.061350	0.023465	0.167069	-0.062785	-0.366116	0.000132	0.000003	0.004771	-0.021754	-0.000050	0.061766	0.000076	-0.105249	-0.000034	0.000685	0.000000	-0.000000	0.000000	0.000000	
-0.052484	-0.078391	0.000217	0.000265	0.000257	0.000121	-0.000270	0.421649	-0.063394	-0.005989	0.002226	-0.132568	-0.005459	0.192662	0.005191	0.002188	0.000237	-0.000000	-0.000000	0.000000	-0.000000	
0.000852	0.001252	-0.004709	-0.007640	0.014517	0.007565	-0.031185	-0.007291	-0.001702	-0.376645	0.121243	0.001781	-0.335619	-0.003505	0.305349	-0.000411	0.007336	0.000000	-0.000000	0.000000	0.000000	
0.000120	0.000325	0.035005	0.055068	-0.163965	-0.067818	0.350305	-0.000157	-0.000322	-0.043087	-0.000898	-0.000050	-0.140559	0.000126	-0.102019	-0.000031	0.000639	0.000000	-0.000000	0.000000	0.000000	
0.136854	-0.091389	-0.151645	0.077919	-0.065867	0.077740	-0.153123	0.111764	-0.031371	0.004317	0.005288	0.228135	-0.001113	-0.036091	-0.003418	-0.000230	-0.000153	0.000000	0.000000	-0.000000	0.000000	
-0.000055	-0.000085	0.000191	-0.000102	0.002374	-0.003894	-0.002327	-0.026856	-0.426780	0.044270	0.600139	-0.070446	0.000362	-0.423113	-0.162846	0.005972	-0.004405	-0.000000	0.000000	-0.000000	-0.000000	
-0.085183	0.056488	0.089731	-0.045429	-0.051174	0.114460	-0.388856	0.376592	-0.071402	0.010026	0.004186	0.427889	0.009535	-0.052633	-0.035291	-0.000436	0.000090	0.000000	0.000000	0.000000	0.000000	
0.135749	-0.090280	0.152922	-0.078249	0.065929	-0.077854	0.153094	0.112336	-0.017130	-0.003127	0.015124	0.230229	0.001126	-0.022036	-0.001958	-0.000420	-0.000150	0.000000	0.000000	-0.000000	0.000000	
-0.004481	0.003101	-0.004916	0.002513	0.000224	-0.001292	-0.007227	0.023438	0.432669	0.037147	0.597630	0.062016	0.000334	0.423401	-0.161879	-0.005506	-0.004238	0.000000	0.000000	-0.000000	0.000000	
0.084580	-0.055863	0.090581	-0.045663	-0.051213	0.114508	-0.389304	-0.375999	0.071749	0.010163	0.003292	-0.427711	0.009546	0.052750	-0.035268	0.000421	0.000200	-0.000000	-0.000000	0.000000	-0.000000	
0.089797	0.135300	-0.076128	-0.153456	-0.065660	-0.077458	-0.163802	-0.112093	0.009980	0.021871	-0.002823	0.232173	0.003794	0.046720	0.003674	0.001494	0.000124	-0.000000	-0.000000	0.000000	-0.000000	
-0.009202	-0.013755	0.008062	0.015477	-0.010129	-0.011413	-0.006374	0.047976	0.547782	0.601844	0.040037	0.042831	0.111304	-0.262142	0.092839	0.005415	0.003921	-0.000000	-0.000000	0.000000	-0.000000	
0.056088	0.083872	-0.045508	-0.090371	0.049444	0.109885	0.402188	0.384570	0.043684	0.067061	0.007244	-0.427400	-0.011871	-0.028290	-0.032746	-0.000472	0.000402	0.000000	-0.000000	0.000000	0.000000	
0.090782	0.137287	0.075325	0.152526	0.065279	0.077013	0.163365	-0.113923	-0.008431	-0.002077	0.004694	0.230715	0.000018	0.055452	-0.000571	0.001306	0.000130	-0.000000	-0.000000	0.000000	-0.000000	
0.006275	0.009383	0.005466	0.010294	-0.012369	-0.014033	-0.012150	-0.043268	-0.537626	0.611067	0.044269	-0.049548	0.111865	0.260374	0.093325	-0.005875	0.004080	0.000000	-0.000000	0.000000	0.000000	
-0.056520	-0.084830	-0.044874	-0.089533	0.049404	0.109826	0.401651	-0.385050	-0.042930	0.067589	0.008394	0.427638	-0.011691	0.028515	-0.032780	0.000423	0.000513	-0.000000	-0.000000	0.000000	0.000000	
0.000067	0.000270	0.000041	0.000009	-0.000398	0.000032	0.001411	0.006251	0.110820	-0.005676	-0.000471	-0.003724	0.013834	-0.667700	-0.003633	-0.010087	0.000268	0.000000	0.000000	-0.000000	0.000000	
-0.000003	0.000010	0.002867	0.000423	-0.025024	0.000027	0.083321	-0.000293	-0.003841	-0.302049	0.030653	-0.000284	0.868144	0.010672	-0.181127	-0.000032	0.003895	0.000000	-0.000000	0.000000	0.000000	
-0.000002	0.000005	0.000977	0.000008	-0.007171	0.001984	0.028879	-0.000027	-0.000000	-0.022625	0.055048	-0.000071	0.276365	-0.001039	0.851286	0.000288	-0.005773	-0.000000	0.000000	-0.000000	-0.000000	

step=13

-0.079417	0.051139	-0.000366	0.000103	-0.000044	0.000038	0.000042	-0.422460	0.047781	0.001610	-0.008557	0.000367	-0.133133	-0.011582	-0.003430	0.000000	-0.000000	-0.000000	0.000000	-0.000000	0.000000	
0.001318	-0.000848	0.001335	-0.000620	-0.001343	0.001277	0.015395	0.007001	-0.002015	0.087025	-0.502570	0.020722	0.002647	0.000969	-0.209257	0.000000	-0.000000	-0.000000	0.000000	-0.000000	-0.000000	
0.000190	-0.000220	-0.061692	0.022169	0.166083	-0.062595	-0.371049	0.000098	-0.000010	0.003108	-0.022177	0.067763	-0.000046	0.000147	-0.105093	0.000000	-0.000000	0.000000	0.000000	-0.000000	-0.000000	
-0.051652	-0.078946	0.000161	0.000180	0.000261	0.000116	-0.000346	0.420967	-0.067708	-0.005983	0.002283	-0.005537	-0.132938	0.193127	0.005308	0.000000	0.000000	0.000000	-0.000000	0.000000	0.000000	
0.000841	0.001266	-0.004760	-0.008089	0.015063	0.007868	-0.032725	-0.007267	-0.000745	-0.371759	0.122626	-0.338808	0.001772	-0.003706	0.304991	0.000000	0.000000	-0.000000	0.000000	0.000000	0.000000	
0.000088	0.000266	0.033604	0.055736	-0.162803	-0.068010	0.354194	-0.000156	-0.000209	-0.043779	-0.001440	-0.146772	-0.000041	0.000179	-0.101962	-0.000000	-0.000000	-0.000000	-0.000000	0.000000	0.000000	
0.137831	-0.089942	-0.153347	0.074553	-0.066207	0.077752	-0.150977	0.111605	-0.032960	0.004352	0.005015	-0.001181	0.227911	-0.036181	-0.003546	0.000000	-0.000000	-0.000000	-0.000000	-0.000000	-0.000000	
-0.000040	-0.000096	0.000182	-0.000090	0.002360	-0.003887	-0.002958	-0.027836	-0.421356	0.043406	0.599326	0.000121	-0.073458	-0.426940	-0.165102	-0.000000	-0.000000	-0.000000	0.000000	-0.000000	-0.000000	
-0.085763	0.055568	0.090709	-0.043432	-0.052284	0.114557	-0.386733	0.376254	-0.075395	0.009658	0.003653	0.010555	0.427530	-0.052993	-0.035589	0.000000	0.000000	0.000000	-0.000000	0.000000	0.000000	
0.136692	-0.088853	0.154623	-0.074901	0.066269	-0.077865	0.150923	0.112218	-0.018895	-0.003287	0.015314	0.001190	0.230111	-0.022014	-0.001939	-0.000000	-0.000000	0.000000	0.000000	0.000000	-0.000000	
-0.004519	0.003059	-0.004973	0.002410	0.000204	-0.001279	-0.007785	0.024380	0.426913	0.038385	0.597019	0.000053	0.065148	0.427396	-0.163600	0.000000	-0.000000	0.000000	0.000000	0.000000	0.000000	
0.085141	-0.054956	0.091559	-0.043677	-0.052321	0.114610	-0.387130	-0.375698	0.075659	0.010147	0.002797	0.010557	-0.427355	0.053145	-0.035482	-0.000000	-0.000000	-0.000000	-0.000000	-0.000000	0.000000	
0.088433	0.136390	-0.072681	-0.154920	-0.065981	-0.077462	-0.162282	-0.111910	0.009677	0.022544	-0.003003	0.004125	0.232150	0.046208	0.003778	0.000000	-0.000000	-0.000000	-0.000000	-0.000000	-0.000000	
-0.009409	-0.014400	0.008024	0.016232	-0.010640	-0.011909	-0.006596	0.051218	0.548676	0.602189	0.039539	0.116219	0.046286	-0.253891	0.088568	-0.000000	-0.000000	-0.000000	-0.000000	-0.000000	0.000000	
0.055196	0.084472	-0.043454	-0.091203	0.050402	0.109683	0.400864	0.385195	0.045778	0.070223	0.007311	-0.011777	-0.427043	-0.027531	-0.033562	-0.000000	0.000000	0.000000	0.000000	0.000000	0.000000	
0.089261	0.138093	0.072069	0.154280	0.065588	0.077009	0.161866	-0.113757	-0.008760	-0.002820	0.004810	-0.000177	0.230528	0.054659	-0.000745	0.000000	-0.000000	-0.000000	-0.000000	-0.000000	-0.000000	
0.006522	0.009983	0.005556	0.011022	-0.012890	-0.014537	-0.012316	-0.046532	-0.541300	0.609075	0.043600	0.116652	-0.052892	0.251922	0.089343	0.000000	0.000000	0.000000	-0.000000	-0.000000	0.000000	
-0.055529	-0.085246	-0.042937	-0.090529	0.050375	0.109652	0.400433	-0.385528	-0.045330	0.070533	0.008364	-0.011614	0.427231	0.027786	-0.033559	0.000000	-0.000000	-0.000000	-0.000000	-0.000000	-0.000000	
0.000055	0.000263	0.000044	0.000011	-0.000418	0.000034	0.001521	0.006997	0.119699	-0.005697	-0.000487	0.013882	-0.002591	-0.669113	-0.004026	-0.000000	-0.000000	-0.000000	0.000000	-0.000000	0.000000	
-0.000004	0.000009	0.003029	0.000476	-0.026375	0.000056	0.089454	-0.000313	-0.003412	-0.310543	0.031558	0.864550	-0.000330	0.010957	-0.179551	-0.000000	-0.000000	0.000000	-0.000000	0.000000	0.000000	
-0.000002	0.000005	0.001041	0.000020	-0.007489	0.002165	0.030725	-0.000024	0.000045	-0.020222	0.059369	0.274910	-0.000063	-0.001534	0.852659	0.000000	0.000000	-0.000000	0.000000	0.000000	0.000000	

step=14

-0.079982	0.050268	-0.000367	0.000108	-0.000039	0.000044	0.000083	-0.421975	0.050819	0.001709	-0.008571	0.000391	-0.132902	-0.011204	-0.003380	-0.000053	-0.000281	0.000000	0.000000	0.000000	-0.000000	
0.001326	-0.000832	0.001345	-0.000588	-0.001183	0.001247	0.015571	0.007005	-0.002248	0.084975	-0.503532	0.022123	0.002598	0.001192	-0.205551	0.000698	-0.009462	0.000000	-0.000000	0.000000	-0.000000	
0.000199	-0.000209	-0.062021	0.020806	0.165036	-0.062396	-0.376102	0.000068	-0.000019	0.001171	-0.022617	0.073908	-0.000042	0.000269	-0.104941	-0.000054	0.000744	-0.000000	-0.000000	-0.000000	0.000000	
-0.050775	-0.079515	0.000105	0.000085	0.000265	0.000112	-0.000417	0.420218	-0.072301	-0.006048	0.002344	-0.005603	-0.133413	0.193431	0.005518	0.002493	0.000280	-0.000000	-0.000000	-0.000000	-0.000000	
0.000830	0.001282	-0.004793	-0.008558	0.015615	0.008183	-0.034274	-0.007242	0.000458	-0.366836	0.124111	-0.341652	0.001772	-0.004042	0.304833	-0.000666	0.008436	-0.000000	0.000000	-0.000000	0.000000	
0.000054	0.000199	0.032121	0.056399	-0.161570	-0.068210	0.358207	-0.000152	-0.000061	-0.044373	-0.002073	-0.153231	-0.000034	0.000284	-0.101784	-0.000046	0.000636	-0.000000	-0.000000	-0.000000	0.000000	
0.138836	-0.088416	-0.155054	0.070981	-0.066559	0.077757	-0.148757	0.111431	-0.034639	0.004347	0.004741	-0.001259	0.227672	-0.036257	-0.003702	-0.000345	-0.000151	0.000000	0.000000	0.000000	0.000000	
-0.000025	-0.000104	0.000174	-0.000078	0.002343	-0.003882	-0.003567	-0.028834	-0.415354	0.042080	0.598421	-0.000172	-0.076512	-0.431124	-0.167904	0.007110	-0.004880	0.000000	-0.000000	0.000000	-0.000000	
-0.086361	0.054598	0.091689	-0.041314	-0.053441	0.114644	-0.384511	0.375875	-0.079598	0.009122	0.003111	0.011555	0.427136	-0.053334	-0.035942	-0.000549	0.000101	-0.000000	0.000000	-0.000000	0.000000	
0.137663	-0.087350	0.156328	-0.071349	0.066621	-0.077868	0.148673	0.112087	-0.020752	-0.003458	0.015510	0.001261	0.229977	-0.021955	-0.001929	-0.000568	-0.000153	0.000000	0.000000	0.000000	0.000000	
-0.004562	0.003015	-0.005033	0.002301	0.000177	-0.001266	-0.008328	0.025336	0.420516	0.039714	0.596323	-0.000269	0.068324	0.431907	-0.165445	-0.006345	-0.005023	0.000000	0.000000	0.000000	0.000000	
0.085718	-0.054000	0.092538	-0.041569	-0.053477	0.114702	-0.384857	-0.375359	0.079764	0.010089	0.002304	0.011551	-0.426963	0.053555	-0.035702	0.000526	0.000206	-0.000000	-0.000000	-0.000000	-0.000000	
0.086996	0.137526	-0.069030	-0.156363	-0.066309	-0.077476	-0.160674	-0.111716	0.009264	0.023225	-0.003175	0.004473	0.232112	0.045766	0.003892	0.001815	0.000154	-0.000000	-0.000000	-0.000000	-0.000000	
-0.009607	-0.015072	0.007946	0.017016	-0.011152	-0.012420	-0.006932	0.054577	0.549224	0.602921	0.039167	0.120948	0.050063	-0.244944	0.083835	0.006182	0.004635	-0.000000	-0.000000	-0.000000	-0.000000	
0.054257	0.085094	-0.041279	-0.092020	0.051392	0.109487	0.399405	0.385862	0.047968	0.073578	0.007342	-0.011683	-0.426622	-0.026759	-0.034467	-0.000629	0.000469	-0.000000	0.000000	-0.000000	0.000000	
0.087656	0.138909	0.068613	0.156054	0.065904	0.077013	0.160276	-0.113596	-0.009184	-0.003560	0.004920	-0.000388	0.230323	0.053921	-0.000900	0.001597	0.000159	-0.000000	-0.000000	-0.000000	-0.000000	
0.006759	0.010600	0.005612	0.011782	-0.013414	-0.015057	-0.012591	-0.049931	-0.545487	0.606653	0.043053	0.121268	-0.056575	0.242704	0.085113	-0.006913	0.004489	-0.000000	0.000000	-0.000000	0.000000	
-0.054485	-0.085663	-0.040883	-0.091534	0.051376	0.109478	0.399074	-0.386065	-0.047954	0.073575	0.008290	-0.011536	0.426767	0.027078	-0.034411	0.000549	0.000578	-0.000000	-0.000000	-0.000000	-0.000000	
0.000042	0.000251	0.000047	0.000012	-0.000439	0.000035	0.001634	0.007856	0.129436	-0.005582	-0.000509	0.013899	-0.001134	-0.670271	-0.004740	-0.010920	-0.000004	0.000000	0.000000	0.000000	0.000000	
-0.000006	0.000008	0.003198	0.000539	-0.027752	0.000086	0.095953	-0.000330	-0.002724	-0.318773	0.032274	0.860799	-0.000379	0.011294	-0.178184	-0.000142	0.004317	-0.000000	-0.000000	-0.000000	0.000000	
-0.000003	0.000004	0.001109	0.000035	-0.007812	0.002358	0.032638	-0.000021	0.000097	-0.017290	0.064147	0.273825	-0.000052	-0.002448	0.853851	0.000446	-0.006117	0.000000	0.000000	0.000000	-0.000000	

step=15

-0.080552	0.049368	-0.000364	0.000114	-0.000032	0.000049	0.000126	-0.421454	-0.054003	0.001880	-0.008588	0.000411	-0.132626	-0.010784	-0.003333	0.002881	-0.018767	0.000000	-0.000000	0.000000	-0.000000	
0.001335	-0.000817	0.001356	-0.000553	-0.001018	0.001213	0.015705	0.007008	0.002564	0.082854	-0.504590	0.023365	0.002542	0.001608	-0.201544	-0.013347	-0.002861	-0.000000	0.000000	0.000000	0.000000	
0.000207	-0.000196	-0.062327	0.019398	0.163930	-0.062179	-0.381272	0.000039	0.000019	-0.001043	-0.023085	0.080145	-0.000040	0.000509	-0.104791	0.001023	0.000243	0.000000	-0.000000	-0.000000	-0.000000	
-0.049868	-0.080088	0.000046	-0.000026	0.000269	0.000108	-0.000489	0.419398	0.077198	-0.006227	0.002411	-0.005658	-0.134029	0.193526	0.005942	0.000796	0.017372	-0.000000	0.000000	-0.000000	0.000000	
0.000820	0.001301	-0.004807	-0.009048	0.016169	0.008511	-0.035805	-0.007209	-0.002055	-0.361899	0.125792	-0.344127	0.001781	-0.004688	0.304855	0.011876	0.002547	0.000000	-0.000000	-0.000000	-0.000000	
0.000018	0.000124	0.030576	0.057039	-0.160266	-0.068426	0.362325	-0.000150	-0.000144	-0.044901	-0.002797	-0.159854	-0.000025	0.000504	-0.101477	0.000832	0.000199	0.000000	-0.000000	-0.000000	-0.000000	
0.139850	-0.086836	-0.156729	0.067258	-0.066925	0.077756	-0.146447	0.111239	0.036403	0.004280	0.004462	-0.001344	0.227412	-0.036299	-0.003912	0.001056	-0.009854	0.000000	-0.000000	0.000000	-0.000000	
-0.000008	-0.000112	0.000164	-0.000066	0.002321	-0.003877	-0.004153	-0.029845	0.408701	0.040198	0.597399	-0.000504	-0.079552	-0.435619	-0.171617	0.002716	0.000404	0.000000	-0.000000	-0.000000	-0.000000	
-0.086960	0.053595	0.092648	-0.039108	-0.054647	0.114729	-0.382169	0.375458	0.084011	0.008364	0.002555	0.012518	0.426694	-0.053610	-0.036389	0.000664	-0.007156	0.000000	-0.000000	0.000000	-0.000000	
0.138645	-0.085798	0.157997	-0.067648	0.066986	-0.077865	0.146337	0.111946	0.022704	-0.003651	0.015708	0.001336	0.229833	-0.021844	-0.001943	0.000735	-0.009917	0.000000	-0.000000	0.000000	-0.000000	
-0.004608	0.002969	-0.005094	0.002189	0.000144	-0.001254	-0.008850	0.026298	-0.413368	0.041373	0.595515	-0.000608	0.071497	0.437093	-0.167188	-0.016653	-0.003395	-0.000000	0.000000	0.000000	0.000000	
0.086301	-0.053015	0.093495	-0.039376	-0.054678	0.114788	-0.382460	-0.374988	-0.084059	0.010032	0.001807	0.012510	-0.426534	0.053984	-0.035896	-0.000248	0.007253	-0.000000	0.000000	-0.000000	0.000000	
0.085514	0.138693	-0.065230	-0.157742	-0.066642	-0.077497	-0.159002	-0.111513	-0.008718	0.023913	-0.003343	0.004827	0.232063	0.045414	0.004041	0.001155	0.009629	-0.000000	0.000000	-0.000000	0.000000	
-0.009796	-0.015771	0.007830	0.017823	-0.011666	-0.012945	-0.007406	0.058056	-0.549150	0.604314	0.038829	0.125361	0.054193	-0.235238	0.078461	0.015751	0.003274	0.000000	-0.000000	-0.000000	-0.000000	
0.053290	0.085729	-0.039017	-0.092797	0.052408	0.109285	0.397826	0.386573	-0.050219	0.077151	0.007323	-0.011573	-0.426145	-0.025969	-0.035491	0.001083	-0.006995	0.000000	-0.000000	0.000000	-0.000000	
0.085993	0.139709	0.065011	0.157815	0.066224	0.077026	0.158613	-0.113422	0.009705	-0.004308	0.005022	-0.000611	0.230089	0.053254	-0.001003	0.000857	0.009568	-0.000000	0.000000	-0.000000	0.000000	
0.006985	0.011235	0.005638	0.012572	-0.013939	-0.015591	-0.012994	-0.053470	0.550443	0.603582	0.042531	0.125598	-0.060624	0.232592	0.080743	-0.002978	-0.000529	-0.000000	0.000000	0.000000	0.000000	
-0.053405	-0.086066	-0.038745	-0.092528	0.052405	0.109303	0.397594	-0.386642	0.050849	0.076687	0.008153	-0.011442	0.426242	0.026435	-0.035333	0.000390	0.007347	-0.000000	0.000000	-0.000000	0.000000	
0.000027	0.000237	0.000051	0.000014	-0.000459	0.000037	0.001751	0.008841	-0.140132	-0.005234	-0.000534	0.013898	0.000729	-0.671097	-0.006182	-0.016490	0.005386	-0.000000	0.000000	-0.000000	0.000000	
-0.000007	0.000007	0.003372	0.000611	-0.029138	0.000114	0.102761	-0.000344	0.001617	-0.326589	0.032813	0.856981	-0.000430	0.011802	-0.176883	0.006239	0.001330	0.000000	-0.000000	-0.000000	-0.000000	
-0.000003	0.000004	0.001180	0.000053	-0.008130	0.002561	0.034588	-0.000020	-0.000152	-0.013699	0.069471	0.273031	-0.000034	-0.004338	0.854859	-0.008288	-0.001976	-0.000000	0.000000	0.000000	0.000000	

step=16

-0.081127	0.048434	-0.000368	0.000122	-0.000026	0.000054	0.000177	-0.420891	-0.057332	0.002185	0.000428	0.008607	-0.132303	-0.010326	0.003318	-0.000052	0.000008	-0.000000	0.000000	-0.000000	-0.000000	
0.001343	-0.000801	0.001367	-0.000517	-0.000848	0.001176	0.015787	0.007012	0.003033	0.080603	0.024458	0.505771	0.002476	0.002750	0.197190	0.000475	-0.000000	0.000000	-0.000000	-0.000000	0.000000	
0.000218	-0.000185	-0.062605	0.017949	0.162764	-0.061949	-0.386542	-0.000001	-0.000007	-0.003542	0.086415	0.023594	-0.000037	0.001117	0.104635	-0.000036	0.000000	-0.000000	0.000000	0.000000	-0.000000	
-0.048927	-0.080665	-0.000006	-0.000141	0.000273	0.000105	-0.000568	0.418500	0.082427	-0.006615	-0.005700	-0.002484	-0.134814	0.193349	-0.007065	0.000046	-0.000007	0.000000	-0.000000	0.000000	0.000000	
0.000810	0.001322	-0.004802	-0.009557	0.016716	0.008852	-0.037290	-0.007172	-0.004358	-0.356935	-0.346236	-0.127748	0.001802	-0.006448	-0.305040	-0.000426	0.000000	-0.000000	0.000000	0.000000	-0.000000	
-0.000017	0.000048	0.028972	0.057652	-0.158896	-0.068654	0.366553	-0.000132	-0.000446	-0.045380	-0.166561	0.003620	-0.000016	0.001083	0.101027	-0.000027	0.000000	-0.000000	0.000000	0.000000	-0.000000	
0.140879	-0.085205	-0.158350	0.063390	-0.067302	0.077748	-0.144060	0.111030	0.038251	0.004108	-0.001435	-0.004176	0.227139	-0.036288	0.004269	-0.000027	0.000004	-0.000000	0.000000	-0.000000	-0.000000	
0.000010	-0.000120	0.000154	-0.000053	0.002294	-0.003873	-0.004712	-0.030855	0.401324	0.037459	-0.000858	-0.596228	-0.082513	-0.440026	0.177396	0.000249	-0.000000	0.000000	-0.000000	-0.000000	0.000000	
-0.087568	0.052559	0.093574	-0.036818	-0.055894	0.114807	-0.379723	0.374988	0.088627	0.007281	0.013431	-0.001979	0.426211	-0.053716	0.037067	-0.000030	0.000003	-0.000000	0.000000	-0.000000	-0.000000	
0.139632	-0.084184	0.159628	-0.063806	0.067362	-0.077855	0.143915	0.111794	0.024745	-0.003893	0.001416	-0.015906	0.229671	-0.021666	0.002037	-0.000027	0.000004	-0.000000	0.000000	-0.000000	-0.000000	
-0.004656	0.002921	-0.005156	0.002073	0.000106	-0.001242	-0.009348	0.027259	-0.405325	0.043728	-0.000960	-0.594561	0.074602	0.443487	0.167859	0.000249	-0.000000	0.000000	-0.000000	-0.000000	0.000000	
0.086884	-0.051990	0.094428	-0.037099	-0.055923	0.114868	-0.379940	-0.374590	-0.088529	0.010065	0.013422	-0.001303	-0.426064	0.054502	0.035930	0.000015	-0.000003	0.000000	-0.000000	0.000000	0.000000	
0.083971	0.139871	-0.061301	-0.159064	-0.066979	-0.077528	-0.157253	-0.111299	-0.008006	0.024613	0.005186	0.003506	0.231994	0.045169	-0.004345	0.000025	-0.000004	0.000000	-0.000000	0.000000	0.000000	
-0.009975	-0.016495	0.007677	0.018655	-0.012177	-0.013485	-0.008034	0.061662	-0.547883	0.606895	0.129404	-0.038470	0.058692	-0.224873	-0.071932	-0.000228	0.000000	-0.000000	0.000000	0.000000	-0.000000	
0.052284	0.086365	-0.036681	-0.093537	0.053449	0.109085	0.396103	0.387338	-0.052436	0.081001	-0.011435	-0.007235	-0.425601	-0.025096	0.036712	-0.000049	0.000003	-0.000000	0.000000	-0.000000	-0.000000	
0.084275	0.140515	0.061260	0.159532	0.066547	0.077047	0.156878	-0.113242	0.010320	-0.005076	-0.000848	-0.005115	0.229825	0.052683	0.000917	0.000025	-0.000004	0.000000	-0.000000	0.000000	0.000000	
0.007200	0.011891	0.005628	0.013392	-0.014463	-0.016140	-0.013540	-0.057163	0.556693	0.599350	0.129578	-0.041981	-0.065055	0.221296	-0.076659	-0.000228	0.000000	-0.000000	0.000000	0.000000	-0.000000	
-0.052290	-0.086466	-0.036520	-0.093494	0.053458	0.109125	0.395993	-0.387264	0.054097	0.079802	-0.011318	-0.007936	0.425650	0.025972	0.036269	-0.000004	-0.000003	0.000000	-0.000000	0.000000	0.000000	
0.000012	0.000220	0.000054	0.000016	-0.000480	0.000038	0.001871	0.009966	-0.151904	-0.004465	0.013872	0.000563	0.003092	-0.671440	0.010049	0.000023	-0.000004	0.000000	-0.000000	0.000000	0.000000	
-0.000009	0.000006	0.003551	0.000695	-0.030515	0.000138	0.109831	-0.000349	-0.000237	-0.333917	0.853169	-0.033174	-0.000485	0.012875	0.175485	-0.000210	0.000000	-0.000000	0.000000	0.000000	-0.000000	
-0.000004	0.000003	0.001254	0.000075	-0.008436	0.002776	0.036540	-0.000014	-0.000197	-0.009336	0.272454	-0.075455	-0.000015	-0.009252	-0.855639	0.000285	-0.000000	0.000000	-0.000000	-0.000000	0.000000	

step=17

-0.081702	0.047476	-0.000369	0.000129	-0.000018	0.000058	0.000231	-0.420282	-0.060805	0.002757	0.000443	-0.008626	-0.131937	-0.009611	0.003867	-0.004157	0.003402	0.000000	0.000000	0.000000	0.000000	
0.001352	-0.000785	0.001379	-0.000479	-0.000673	0.001135	0.015820	0.007015	0.003773	0.078150	0.025431	-0.507105	0.002399	0.015224	0.191795	0.003653	0.000309	-0.000000	-0.000000	-0.000000	-0.000000	
0.000227	-0.000172	-0.062851	0.016477	0.161542	-0.061709	-0.391878	-0.000040	-0.000091	-0.006352	0.092670	-0.024160	-0.000035	0.007922	0.104187	-0.000265	-0.000027	0.000000	0.000000	0.000000	0.000000	
-0.047963	-0.081240	-0.000056	-0.000267	0.000274	0.000103	-0.000650	0.417517	0.088016	-0.007413	-0.005733	0.002562	-0.135797	0.192033	-0.019615	0.003193	-0.003029	-0.000000	-0.000000	-0.000000	-0.000000	
0.000800	0.001345	-0.004777	-0.010083	0.017253	0.009206	-0.038709	-0.007126	-0.007982	-0.351865	-0.348029	0.130066	0.001835	-0.026296	-0.304312	-0.003277	-0.000279	0.000000	0.000000	0.000000	0.000000	
-0.000052	-0.000034	0.027327	0.058227	-0.157465	-0.068891	0.370877	-0.000114	-0.000930	-0.045800	-0.173288	-0.004554	-0.000005	0.007618	0.100149	-0.000190	-0.000020	0.000000	0.000000	0.000000	0.000000	
0.141904	-0.083529	-0.159905	0.059418	-0.067688	0.077733	-0.141607	0.110796	0.040176	0.003742	-0.001529	0.003879	0.226854	-0.035870	0.006785	-0.002091	0.001768	0.000000	0.000000	0.000000	0.000000	
0.000030	-0.000126	0.000142	-0.000040	0.002263	-0.003870	-0.005235	-0.031865	0.393160	0.033239	-0.001221	0.594861	-0.085300	-0.433276	0.209926	0.000238	0.000209	0.000000	0.000000	0.000000	-0.000000	
-0.088172	0.051495	0.094459	-0.034467	-0.057179	0.114877	-0.377180	0.374462	0.093433	0.005656	0.014289	0.001372	0.425693	-0.051403	0.040914	-0.001529	0.001273	0.000000	0.000000	0.000000	0.000000	
0.140622	-0.082531	0.161185	-0.059860	0.067748	-0.077837	0.141425	0.111626	0.026861	-0.004243	0.001497	0.016104	0.229497	-0.021236	0.003397	-0.002035	0.001766	0.000000	0.000000	0.000000	0.000000	
-0.004708	0.002871	-0.005217	0.001954	0.000061	-0.001232	-0.009815	0.028214	-0.396174	0.047478	-0.001313	0.593426	0.077546	0.459732	0.141980	0.003589	0.000117	-0.000000	-0.000000	-0.000000	-0.000000	
0.087468	-0.050941	0.095316	-0.034763	-0.057203	0.114937	-0.377313	-0.374147	-0.093145	0.010373	0.014280	0.000784	-0.425567	0.056989	0.032675	0.001424	-0.001283	-0.000000	-0.000000	-0.000000	-0.000000	
0.082389	0.141065	-0.057275	-0.160293	-0.067318	-0.077568	-0.155439	-0.111083	-0.007074	0.025330	0.005551	-0.003668	0.231899	0.044729	-0.007298	0.001588	-0.001644	-0.000000	-0.000000	-0.000000	-0.000000	
-0.010144	-0.017245	0.007485	0.019506	-0.012684	-0.014039	-0.008844	0.065399	-0.544254	0.611669	0.133088	0.038025	0.063567	-0.216818	-0.052241	-0.003326	-0.000122	0.000000	0.000000	0.000000	0.000000	
0.051253	0.087005	-0.034289	-0.094220	0.054508	0.108883	0.394237	0.388166	-0.054419	0.085242	-0.011260	0.007059	-0.424980	-0.021987	0.039425	-0.001636	0.001246	0.000000	0.000000	0.000000	0.000000	
0.082512	0.141302	0.057405	0.161196	0.066874	0.077079	0.155073	-0.113055	0.011013	-0.005888	-0.001100	0.005195	0.229520	0.052196	-0.002260	0.001634	-0.001646	-0.000000	-0.000000	-0.000000	-0.000000	
0.007404	0.012564	0.005585	0.014240	-0.014981	-0.016701	-0.014260	-0.061019	0.565289	0.592872	0.133220	0.041337	-0.069880	0.204352	-0.084220	-0.000167	-0.000175	-0.000000	-0.000000	-0.000000	0.000000	
-0.051147	-0.086849	-0.034236	-0.094426	0.054532	0.108949	0.394257	-0.387939	0.057852	0.082792	-0.011158	0.007613	0.424976	0.027775	0.035757	0.001234	-0.001287	-0.000000	-0.000000	-0.000000	-0.000000	
-0.000006	0.000200	0.000057	0.000017	-0.000501	0.000039	0.001994	0.011259	-0.164870	-0.002877	0.013835	-0.000587	0.006075	-0.669288	0.053714	0.004231	-0.001531	-0.000000	-0.000000	-0.000000	-0.000000	
-0.000010	0.000004	0.003731	0.000787	-0.031868	0.000158	0.117134	-0.000348	-0.003500	-0.340772	0.849387	0.033370	-0.000543	0.024217	0.172808	-0.001632	-0.000134	0.000000	0.000000	0.000000	0.000000	
-0.000005	0.000003	0.001330	0.000101	-0.008724	0.003006	0.038466	-0.000010	-0.000199	-0.004106	0.272031	0.082250	0.000014	-0.064999	-0.853855	0.002077	0.000211	-0.000000	-0.000000	-0.000000	-0.000000	

step=18

-0.082273	0.046497	-0.000374	0.000136	-0.000013	0.000063	0.000267	-0.419626	0.000456	-0.064397	0.003957	-0.008645	-0.131517	0.002839	-0.009422	0.003321	0.001708	0.000000	-0.000000	-0.000000	-0.000000	
0.001362	-0.000769	0.001391	-0.000440	-0.000494	0.001090	0.015792	0.007016	0.026319	0.005123	0.075430	-0.508622	0.002310	0.186997	-0.003219	-0.000038	-0.000033	-0.000000	0.000000	0.000000	0.000000	
0.000236	-0.000162	-0.063060	0.014995	0.160271	-0.061451	-0.397253	-0.000075	0.098874	-0.000325	-0.009528	-0.024800	-0.000036	0.104300	-0.002150	-0.000001	0.000000	0.000000	-0.000000	-0.000000	-0.000000	
-0.046976	-0.081810	-0.000099	-0.000396	0.000279	0.000102	-0.000713	0.416438	-0.005760	0.093953	-0.009158	0.002651	-0.137025	-0.001031	0.192209	-0.002470	-0.001541	-0.000000	0.000000	0.000000	0.000000	
0.000790	0.001369	-0.004732	-0.010624	0.017772	0.009573	-0.040024	-0.007072	-0.349578	-0.014545	-0.346508	0.132822	0.001882	-0.305880	0.003204	0.000025	0.000030	0.000000	-0.000000	-0.000000	-0.000000	
-0.000085	-0.000115	0.025655	0.058756	-0.155981	-0.069146	0.375266	-0.000099	-0.179985	-0.001823	-0.046105	-0.005616	-0.000000	0.099655	-0.002053	-0.000001	0.000000	0.000000	-0.000000	-0.000000	-0.000000	
0.142928	-0.081818	-0.161365	0.055383	-0.068082	0.077709	-0.139080	0.110554	-0.001626	0.042177	0.002948	0.003569	0.226572	0.003483	-0.036221	0.001656	0.000889	0.000000	-0.000000	-0.000000	-0.000000	
0.000052	-0.000131	0.000129	-0.000027	0.002227	-0.003866	-0.005724	-0.032863	-0.001584	0.384166	0.025793	0.593257	-0.087782	0.171556	-0.458298	0.001690	-0.000051	0.000000	-0.000000	0.000000	0.000000	
-0.088773	0.050410	0.095288	-0.032080	-0.058495	0.114938	-0.374508	0.373907	0.015091	0.098401	0.002921	0.000726	0.425158	0.036220	-0.055248	0.001140	0.000646	0.000000	-0.000000	-0.000000	-0.000000	
0.141604	-0.080838	0.162659	-0.055851	0.068142	-0.077813	0.138875	0.111427	0.001580	0.029014	-0.004865	0.016299	0.229304	0.001317	-0.021097	0.001600	0.000890	0.000000	-0.000000	-0.000000	-0.000000	
-0.004761	0.002819	-0.005278	0.001833	0.000011	-0.001224	-0.010246	0.029156	-0.001665	-0.385499	0.054344	0.592046	0.080202	0.190338	0.450449	-0.001720	0.000017	-0.000000	0.000000	-0.000000	-0.000000	
0.088045	-0.049867	0.096154	-0.032390	-0.058517	0.115003	-0.374597	-0.373634	0.015083	-0.097828	0.011467	0.000247	-0.425035	0.038454	0.053679	-0.001140	-0.000646	-0.000000	0.000000	0.000000	0.000000	
0.080764	0.142252	-0.053202	-0.161427	-0.067655	-0.077620	-0.153589	-0.110845	0.005924	-0.005789	0.026069	-0.003826	0.231764	-0.002954	0.045373	-0.001172	-0.000841	-0.000000	0.000000	0.000000	0.000000	
-0.010301	-0.018018	0.007258	0.020375	-0.013180	-0.014605	-0.009886	0.069291	0.136481	-0.535171	0.621174	0.037471	0.068817	-0.066258	-0.197832	0.001607	-0.000027	0.000000	-0.000000	0.000000	0.000000	
0.050196	0.087634	-0.031871	-0.094843	0.055580	0.108681	0.392261	0.389028	-0.011044	-0.055651	0.090186	0.006773	-0.424274	0.038479	-0.025271	0.001095	0.000641	0.000000	-0.000000	-0.000000	-0.000000	
0.080717	0.142083	0.053476	0.162770	0.067199	0.077118	0.153216	-0.112874	-0.001369	0.011740	-0.006811	0.005261	0.229172	0.003003	0.051879	-0.001225	-0.000839	-0.000000	0.000000	0.000000	0.000000	
0.007597	0.013257	0.005507	0.015111	-0.015487	-0.017273	-0.015204	-0.065050	0.136586	0.578942	0.581241	0.040576	-0.075093	-0.058032	0.198226	-0.001583	0.000058	-0.000000	0.000000	-0.000000	-0.000000	
-0.049985	-0.087223	-0.031910	-0.095302	0.055614	0.108768	0.392378	-0.388694	-0.010956	0.062542	0.085315	0.007163	0.424226	0.039624	0.023704	-0.001097	-0.000641	-0.000000	0.000000	0.000000	0.000000	
-0.000024	0.000175	0.000061	0.000019	-0.000520	0.000038	0.002118	0.012737	0.013794	-0.179131	0.000605	-0.000620	0.009823	-0.011085	-0.670661	-0.003793	-0.000674	-0.000000	0.000000	0.000000	0.000000	
-0.000012	0.000002	0.003909	0.000886	-0.033188	0.000174	0.124674	-0.000343	0.845628	-0.009925	-0.347167	0.033393	-0.000610	0.172612	0.007507	0.000054	0.000013	0.000000	-0.000000	-0.000000	-0.000000	
-0.000005	0.000002	0.001407	0.000128	-0.008985	0.003252	0.040333	-0.000006	0.271709	-0.000054	0.002078	0.090046	0.000051	-0.856547	0.017641	0.000008	-0.000003	-0.000000	0.000000	0.000000	0.000000	

step=19

-0.082838	0.045500	-0.000377	0.000143	-0.000006	0.000065	0.000312	-0.418914	0.000469	-0.067933	0.007293	-0.008664	-0.131048	0.002836	-0.008846	0.000004	-0.000001	0.000000	-0.000000	-0.000000	0.000000	
0.001370	-0.000753	0.001404	-0.000398	-0.000312	0.001041	0.015698	0.007017	0.027145	0.008490	0.072207	-0.510358	0.002207	0.180925	-0.001196	-0.000477	-0.000001	0.000000	-0.000000	-0.000000	0.000000	
0.000245	-0.000151	-0.063230	0.013518	0.158961	-0.061180	-0.402605	-0.000108	0.104996	-0.001090	-0.013122	-0.025537	-0.000040	0.104128	-0.001054	0.000034	0.000000	-0.000000	0.000000	0.000000	-0.000000	
-0.045972	-0.082372	-0.000135	-0.000529	0.000281	0.000102	-0.000781	0.415249	-0.005784	0.099968	-0.014103	0.002750	-0.138540	-0.003060	0.190899	0.000003	0.000000	-0.000000	0.000000	0.000000	-0.000000	
0.000781	0.001395	-0.004666	-0.011178	0.018268	0.009953	-0.041197	-0.007012	-0.350948	-0.030937	-0.340046	0.136123	0.001944	-0.306415	0.000046	0.000432	0.000001	-0.000000	0.000000	0.000000	-0.000000	
-0.000117	-0.000198	0.023973	0.059233	-0.154455	-0.069415	0.379686	-0.000078	-0.186610	-0.004076	-0.046134	-0.006835	0.000009	0.098722	-0.000999	0.000021	0.000000	-0.000000	0.000000	0.000000	-0.000000	
0.143939	-0.080078	-0.162722	0.051320	-0.068482	0.077680	-0.136516	0.110280	-0.001723	0.044227	0.000750	0.003243	0.226289	0.004073	-0.035916	0.000001	-0.000000	0.000000	-0.000000	-0.000000	0.000000	
0.000076	-0.000135	0.000115	-0.000014	0.002185	-0.003864	-0.006168	-0.033845	-0.001938	0.374268	0.007687	0.591339	-0.089780	0.181673	-0.463963	-0.000226	-0.000002	0.000000	-0.000000	-0.000000	0.000000	
-0.089364	0.049306	0.096056	-0.029678	-0.059833	0.114994	-0.371765	0.373275	0.015842	0.103351	-0.003234	0.000028	0.424605	0.037302	-0.054820	0.000009	-0.000000	0.000000	-0.000000	-0.000000	0.000000	
0.142578	-0.079117	0.164029	-0.051813	0.068539	-0.077780	0.136278	0.111218	0.001664	0.031045	-0.006456	0.016490	0.229110	0.001528	-0.020561	0.000000	-0.000000	0.000000	-0.000000	-0.000000	0.000000	
-0.004817	0.002765	-0.005337	0.001712	-0.000047	-0.001216	-0.010635	0.030082	-0.002018	-0.371609	0.071673	0.590350	0.082397	0.191160	0.459711	-0.000276	0.000001	-0.000000	0.000000	0.000000	-0.000000	
0.088615	-0.048775	0.096931	-0.030001	-0.059850	0.115057	-0.371780	-0.373081	0.015835	-0.102220	0.015557	-0.000321	-0.424509	0.038370	0.054006	0.000004	0.000000	-0.000000	0.000000	0.000000	-0.000000	
0.079107	0.143433	-0.049114	-0.162446	-0.067988	-0.077682	-0.151716	-0.110604	0.006309	-0.003587	0.026865	-0.003982	0.231578	-0.003409	0.045747	0.000004	-0.000000	0.000000	-0.000000	-0.000000	0.000000	
-0.010447	-0.018814	0.006998	0.021255	-0.013658	-0.015185	-0.011229	0.073343	0.139656	-0.507082	0.645788	0.036763	0.074407	-0.057014	-0.184132	0.000251	-0.000001	0.000000	-0.000000	-0.000000	0.000000	
0.049117	0.088253	-0.029446	-0.095397	0.056651	0.108479	0.390149	0.389960	-0.010783	-0.053939	0.097019	0.006347	-0.423482	0.040260	-0.024636	0.000029	-0.000000	0.000000	-0.000000	-0.000000	0.000000	
0.078895	0.142846	0.049512	0.164249	0.067520	0.077168	0.151326	-0.112691	-0.001655	0.012300	-0.008115	0.005309	0.228765	0.002691	0.051831	0.000004	0.000000	-0.000000	0.000000	0.000000	-0.000000	
0.007779	0.013967	0.005396	0.016004	-0.015974	-0.017857	-0.016444	-0.069267	0.139741	0.608839	0.551594	0.039657	-0.080661	-0.053239	0.183014	0.000204	0.000002	-0.000000	0.000000	0.000000	-0.000000	
-0.048805	-0.087579	-0.029565	-0.096118	0.056698	0.108586	0.390373	-0.389512	-0.010709	0.069982	0.085837	0.006552	0.423389	0.040910	0.023830	0.000025	0.000000	-0.000000	0.000000	0.000000	-0.000000	
-0.000043	0.000146	0.000064	0.000021	-0.000540	0.000038	0.002245	0.014441	0.013747	-0.194524	0.010456	-0.000653	0.014504	-0.004113	-0.669298	-0.000036	0.000003	-0.000000	0.000000	0.000000	-0.000000	
-0.000014	0.000000	0.004084	0.000990	-0.034467	0.000186	0.132463	-0.000331	0.841880	-0.026960	-0.352533	0.033233	-0.000685	0.170439	0.009338	0.000203	0.000000	-0.000000	0.000000	0.000000	-0.000000	
-0.000006	0.000001	0.001484	0.000157	-0.009214	0.003516	0.042109	-0.000001	0.271435	0.000652	0.009290	0.099098	0.000103	-0.856800	0.008702	-0.000257	-0.000001	0.000000	-0.000000	-0.000000	0.000000	

step=20

-0.083398	0.044484	-0.000385	0.000150	0.000001	0.000066	0.000364	-0.418142	0.000481	-0.065138	0.031336	-0.008684	-0.130549	0.002762	-0.008241	-0.009750	0.013706	-0.000000	-0.000000	-0.000000	0.000000	
0.001380	-0.000736	0.001416	-0.000356	-0.000127	0.000986	0.015532	0.007013	0.027933	0.031002	0.062213	-0.512359	0.002088	0.173869	-0.000625	0.014142	0.002127	0.000000	0.000000	0.000000	-0.000000	
0.000254	-0.000142	-0.063361	0.012061	0.157618	-0.060905	-0.407882	-0.000149	0.110991	-0.007186	-0.015782	-0.026404	-0.000044	0.103902	-0.000733	-0.000984	-0.000166	-0.000000	-0.000000	-0.000000	0.000000	
-0.044949	-0.082926	-0.000162	-0.000658	0.000284	0.000104	-0.000852	0.413943	-0.005806	0.095883	-0.049834	0.002863	-0.140376	-0.003662	0.189005	0.007263	-0.012265	0.000000	0.000000	0.000000	-0.000000	
0.000770	0.001421	-0.004580	-0.011742	0.018736	0.010344	-0.042185	-0.006945	-0.352191	-0.141614	-0.304483	0.140107	0.002022	-0.306920	-0.000806	-0.012805	-0.001934	-0.000000	-0.000000	-0.000000	0.000000	
-0.000145	-0.000278	0.022299	0.059655	-0.152901	-0.069687	0.384125	-0.000043	-0.193110	-0.019389	-0.042005	-0.008242	0.000014	0.097566	-0.000693	-0.000554	-0.000094	-0.000000	-0.000000	-0.000000	0.000000	
0.144945	-0.078308	-0.163959	0.047271	-0.068883	0.077642	-0.133938	0.109972	-0.001822	0.043664	-0.015054	0.002897	0.226028	0.004427	-0.035443	-0.004843	0.007109	-0.000000	-0.000000	-0.000000	0.000000	
0.000102	-0.000137	0.000099	-0.000001	0.002138	-0.003862	-0.006560	-0.034803	-0.002279	0.343817	-0.114482	0.589006	-0.091074	0.189536	-0.471645	0.001748	0.001418	-0.000000	-0.000000	-0.000000	-0.000000	
-0.089950	0.048183	0.096751	-0.027286	-0.061179	0.115038	-0.368973	0.372557	0.016541	0.100339	-0.041126	-0.000742	0.424074	0.038031	-0.054386	-0.003598	0.005100	-0.000000	-0.000000	-0.000000	0.000000	
0.143540	-0.077357	0.165291	-0.047789	0.068937	-0.077740	0.133665	0.110980	0.001749	0.029205	-0.017492	0.016674	0.228915	0.001602	-0.019815	-0.004654	0.007099	-0.000000	-0.000000	-0.000000	0.000000	
-0.004875	0.002708	-0.005394	0.001591	-0.000110	-0.001211	-0.010974	0.030982	-0.002362	-0.314740	0.187424	0.588233	0.083915	0.196421	0.468304	0.013121	0.000832	0.000000	0.000000	0.000000	-0.000000	
0.089176	-0.047660	0.097643	-0.027622	-0.061190	0.115098	-0.368900	-0.372459	0.016536	-0.096129	0.050056	-0.000933	-0.424006	0.038727	0.053776	0.003225	-0.005162	0.000000	0.000000	0.000000	-0.000000	
0.077407	0.144596	-0.045059	-0.163354	-0.068316	-0.077755	-0.149825	-0.110359	0.006704	0.006817	0.026644	-0.004134	0.231324	-0.003507	0.046461	0.003294	-0.006603	0.000000	0.000000	0.000000	-0.000000	
-0.010578	-0.019630	0.006709	0.022147	-0.014110	-0.015774	-0.012951	0.077587	0.142654	-0.261974	0.779322	0.035853	0.080281	-0.048560	-0.168329	-0.011943	-0.000859	-0.000000	-0.000000	-0.000000	0.000000	
0.048013	0.088853	-0.027043	-0.095883	0.057721	0.108281	0.387877	0.390972	-0.010475	-0.019085	0.114621	0.005744	-0.422594	0.042050	-0.024549	-0.004029	0.004934	-0.000000	-0.000000	-0.000000	0.000000	
0.077047	0.143607	0.045548	0.165604	0.067837	0.077229	0.149410	-0.112512	-0.001958	0.009517	-0.012806	0.005337	0.228285	0.002768	0.052027	0.003426	-0.006613	0.000000	0.000000	0.000000	-0.000000	
0.007948	0.014695	0.005252	0.016915	-0.016434	-0.018449	-0.018054	-0.073691	0.142727	0.761143	0.312082	0.038541	-0.086530	-0.046162	0.166750	-0.001499	-0.001170	0.000000	0.000000	0.000000	0.000000	
-0.047610	-0.087928	-0.027223	-0.096859	0.057778	0.108404	0.388222	-0.390410	-0.010415	0.099338	0.059656	0.005741	0.422459	0.042571	0.023941	0.002421	-0.005203	0.000000	0.000000	0.000000	-0.000000	
-0.000064	0.000112	0.000067	0.000023	-0.000558	0.000038	0.002374	0.016408	0.013701	-0.195293	0.082537	-0.000685	0.020308	-0.002185	-0.666979	0.011361	-0.005964	0.000000	0.000000	0.000000	-0.000000	
-0.000016	-0.000002	0.004252	0.001092	-0.035699	0.000198	0.140510	-0.000310	0.838148	-0.146566	-0.328367	0.032864	-0.000775	0.167875	0.009858	-0.006039	-0.000886	-0.000000	-0.000000	-0.000000	0.000000	
-0.000007	0.000001	0.001560	0.000186	-0.009405	0.003802	0.043750	0.000002	0.271174	0.007237	0.016193	0.109741	0.000169	-0.856568	0.006139	0.007287	0.001225	0.000000	0.000000	0.000000	-0.000000	

