 Force constants in Cartesian coordinates: 
                1             2             3             4             5 
      1  0.649509E+00
      2 -0.896307E-02  0.114909E+00
      3 -0.237757E-03 -0.924661E-02  0.818708E+00
      4 -0.113731E+00  0.113421E-02  0.679026E-03  0.647901E+00
      5  0.113915E-02 -0.460790E-01  0.421678E-01 -0.970180E-02  0.658855E-01
      6  0.141938E-03  0.821741E-02 -0.519451E+00 -0.144892E-02 -0.800871E-01
      7 -0.272637E+00  0.540729E-03  0.127814E+00  0.448270E-02  0.657035E-03
      8 -0.705579E-04 -0.362397E-01  0.119657E-02  0.758695E-03  0.599780E-02
      9  0.123609E+00 -0.239613E-03 -0.131249E+00  0.296662E-01  0.465717E-03
     10 -0.272271E+00  0.737109E-02 -0.127622E+00  0.443815E-02 -0.607597E-03
     11  0.798027E-02 -0.365675E-01  0.549536E-02 -0.704863E-03  0.603131E-02
     12 -0.123467E+00  0.391890E-02 -0.131229E+00 -0.296337E-01  0.145758E-02
     13  0.431431E-02 -0.172610E-03  0.160444E-02 -0.269234E+00  0.209608E-01
     14 -0.374885E-03  0.454037E-02 -0.587800E-02  0.213668E-01 -0.320218E-01
     15 -0.297357E-01  0.247809E-02 -0.129782E-01 -0.122106E+00  0.140347E-01
     16  0.433570E-02  0.177650E-03 -0.179490E-02 -0.270546E+00 -0.129879E-01
     17  0.383395E-03  0.452017E-02 -0.583854E-02 -0.134075E-01 -0.307568E-01
     18  0.297983E-01  0.148171E-02 -0.129829E-01  0.122650E+00  0.999747E-02
     19  0.480314E-03 -0.879908E-04 -0.443251E-03 -0.331013E-02  0.540292E-03
     20 -0.942959E-04 -0.508319E-02 -0.278965E-01  0.554426E-03  0.309430E-01
     21 -0.108892E-03 -0.660988E-02 -0.108177E-01  0.193412E-03  0.119639E-01
                6             7             8             9            10 
      6  0.797018E+00
      7 -0.191086E-02  0.280847E+00
      8 -0.833336E-03 -0.486630E-03  0.225537E-01
      9 -0.129271E-01 -0.138595E+00 -0.229401E-03  0.137778E+00
     10  0.188184E-02 -0.151543E-01  0.724229E-03 -0.136164E-01  0.280475E+00
     11 -0.899747E-03 -0.955790E-04  0.376746E-02  0.793223E-04 -0.815194E-02
     12 -0.129226E-01  0.136116E-01 -0.377180E-03  0.100176E-01  0.138429E+00
     13 -0.125439E+00  0.102230E-02 -0.514023E-03 -0.216554E-03  0.149975E-02
     14  0.222625E-01 -0.181769E-03 -0.770973E-02 -0.935740E-04  0.136953E-03
     15 -0.129815E+00  0.216841E-03 -0.564159E-03  0.118822E-02  0.932049E-03
     16  0.126248E+00  0.148540E-02 -0.315255E-03 -0.891374E-03  0.103528E-02
     17  0.181127E-01  0.191587E-03  0.113957E-01 -0.108451E-03 -0.108062E-03
     18 -0.129874E+00 -0.915734E-03  0.534101E-03 -0.484861E-02 -0.234962E-03
     19  0.527414E-03 -0.463467E-04 -0.964579E-04  0.445605E-04 -0.229891E-04
     20  0.332276E-01 -0.625373E-03  0.234890E-03  0.126000E-03  0.635334E-03
     21  0.797152E-02 -0.220498E-03  0.273410E-03  0.403935E-04  0.230016E-03
               11            12            13            14            15 
     11  0.228896E-01
     12 -0.488605E-02  0.137756E+00
     13  0.643427E-03  0.885599E-03  0.277607E+00
     14  0.113854E-01 -0.140737E-03 -0.225284E-01  0.302182E-01
     15  0.500773E-03 -0.485033E-02  0.136797E+00 -0.138686E-01  0.136650E+00
     16  0.223322E-03  0.214218E-03 -0.151843E-01 -0.155377E-02  0.133234E-01
     17 -0.772164E-02 -0.992095E-04  0.212816E-02  0.186274E-02 -0.213470E-02
     18 -0.558259E-03  0.118817E-02 -0.133864E-01 -0.169203E-02  0.959872E-02
     19  0.105371E-03 -0.399787E-04 -0.244110E-04  0.313500E-02  0.572382E-03
     20  0.215336E-03  0.126703E-03 -0.517420E-03 -0.827520E-02 -0.446097E-03
     21  0.268607E-03  0.407723E-04 -0.245070E-03 -0.589529E-03  0.206820E-03
               16            17            18            19            20 
     16  0.278993E+00
     17  0.142134E-01  0.289063E-01
     18 -0.137325E+00 -0.932917E-02  0.136712E+00
     19 -0.118873E-03 -0.340099E-02 -0.586405E-03  0.304244E-02
     20  0.242553E-03 -0.820647E-02 -0.433819E-03 -0.195224E-03 -0.982834E-02
     21  0.225752E-03 -0.602638E-03  0.207216E-03 -0.747211E-04 -0.470384E-02
               21 
     21  0.235097E-02
--
 Force constants in Cartesian coordinates: 
                1             2             3             4             5 
      1  0.649411E+00
      2 -0.895578E-02  0.115217E+00
      3 -0.243312E-03 -0.963192E-02  0.823288E+00
      4 -0.113833E+00  0.112852E-02  0.639378E-03  0.647690E+00
      5  0.113304E-02 -0.465541E-01  0.397708E-01 -0.963244E-02  0.700358E-01
      6  0.143008E-03  0.831920E-02 -0.524838E+00 -0.138781E-02 -0.755048E-01
      7 -0.272518E+00  0.549140E-03  0.127826E+00  0.446815E-02  0.600831E-03
      8 -0.286184E-04 -0.364323E-01  0.115081E-02  0.680064E-03  0.602987E-02
      9  0.123555E+00 -0.217384E-03 -0.131229E+00  0.296869E-01  0.435612E-03
     10 -0.272157E+00  0.735165E-02 -0.127635E+00  0.442810E-02 -0.550017E-03
     11  0.792719E-02 -0.367584E-01  0.545070E-02 -0.624801E-03  0.605964E-02
     12 -0.123412E+00  0.394124E-02 -0.131210E+00 -0.296554E-01  0.142859E-02
     13  0.431228E-02 -0.158353E-03  0.169071E-02 -0.269258E+00  0.201420E-01
     14 -0.303896E-03  0.466169E-02 -0.543949E-02  0.205167E-01 -0.324694E-01
     15 -0.297481E-01  0.239175E-02 -0.129779E-01 -0.122176E+00  0.135101E-01
     16  0.433101E-02  0.167581E-03 -0.186577E-02 -0.270528E+00 -0.121848E-01
     17  0.316622E-03  0.464457E-02 -0.539741E-02 -0.125722E-01 -0.312414E-01
     18  0.298079E-01  0.139466E-02 -0.129827E-01  0.122717E+00  0.946811E-02
     19  0.452995E-03 -0.827609E-04 -0.411530E-03 -0.296726E-02  0.491424E-03
     20 -0.885619E-04 -0.477879E-02 -0.259035E-01  0.504160E-03  0.281395E-01
     21 -0.102034E-03 -0.619755E-02 -0.100512E-01  0.176095E-03  0.108916E-01
                6             7             8             9            10 
      6  0.803164E+00
      7 -0.197969E-02  0.280752E+00
      8 -0.772639E-03 -0.503024E-03  0.227136E-01
      9 -0.129412E-01 -0.138561E+00 -0.241403E-03  0.137781E+00
     10  0.195280E-02 -0.151737E-01  0.720453E-03 -0.136174E-01  0.280384E+00
     11 -0.839964E-03 -0.915892E-04  0.375223E-02  0.795260E-04 -0.812634E-02
     12 -0.129368E-01  0.136126E-01 -0.377233E-03  0.100119E-01  0.138395E+00
     13 -0.125611E+00  0.102894E-02 -0.493719E-03 -0.216338E-03  0.150042E-02
     14  0.211743E-01 -0.177819E-03 -0.778514E-02 -0.101118E-03  0.133553E-03
     15 -0.129932E+00  0.215821E-03 -0.546904E-03  0.118634E-02  0.927047E-03
     16  0.126397E+00  0.148723E-02 -0.285629E-03 -0.889540E-03  0.104101E-02
     17  0.170171E-01  0.198081E-03  0.114894E-01 -0.801402E-04 -0.114698E-03
     18 -0.129995E+00 -0.911105E-03  0.524319E-03 -0.484822E-02 -0.233359E-03
     19  0.485876E-03 -0.447867E-04 -0.895270E-04  0.428684E-04 -0.232476E-04
     20  0.306068E-01 -0.575619E-03  0.232354E-03  0.124908E-03  0.585397E-03
     21  0.747857E-02 -0.201767E-03  0.263048E-03  0.391788E-04  0.210891E-03
               11            12            13            14            15 
     11  0.230483E-01
     12 -0.489893E-02  0.137759E+00
     13  0.616735E-03  0.884651E-03  0.277647E+00
     14  0.114802E-01 -0.112457E-03 -0.216534E-01  0.299474E-01
     15  0.490948E-03 -0.484994E-02  0.136887E+00 -0.133688E-01  0.136780E+00
     16  0.200460E-03  0.213829E-03 -0.152140E-01 -0.146415E-02  0.133470E-01
     17 -0.779642E-02 -0.106773E-03  0.204206E-02  0.194547E-02 -0.204260E-02
     18 -0.541087E-03  0.118630E-02 -0.134067E-01 -0.159880E-02  0.960810E-02
     19  0.983469E-04 -0.383367E-04 -0.169827E-04  0.294896E-02  0.547729E-03
     20  0.214432E-03  0.125566E-03 -0.495318E-03 -0.778017E-02 -0.434519E-03
     21  0.258805E-03  0.395400E-04 -0.227750E-03 -0.553664E-03  0.185285E-03
               16            17            18            19            20 
     16  0.278989E+00
     17  0.133299E-01  0.286741E-01
     18 -0.137412E+00 -0.882438E-02  0.136846E+00
     19 -0.105532E-03 -0.319973E-02 -0.561478E-03  0.270481E-02
     20  0.236657E-03 -0.771575E-02 -0.422822E-03 -0.166714E-03 -0.831156E-02
     21  0.209693E-03 -0.565750E-03  0.185654E-03 -0.651286E-04 -0.409647E-02
               21 
     21  0.212293E-02
--
 Force constants in Cartesian coordinates: 
                1             2             3             4             5 
      1  0.649202E+00
      2 -0.891053E-02  0.115512E+00
      3 -0.250040E-03 -0.100266E-01  0.827268E+00
      4 -0.113937E+00  0.111824E-02  0.609478E-03  0.647592E+00
      5  0.111874E-02 -0.470154E-01  0.376052E-01 -0.950059E-02  0.739509E-01
      6  0.146768E-03  0.844104E-02 -0.529597E+00 -0.133285E-02 -0.713271E-01
      7 -0.272344E+00  0.540989E-03  0.127789E+00  0.445351E-02  0.549825E-03
      8 -0.232190E-05 -0.366141E-01  0.111237E-02  0.603643E-03  0.605671E-02
      9  0.123460E+00 -0.188466E-03 -0.131188E+00  0.297029E-01  0.411164E-03
     10 -0.271986E+00  0.731761E-02 -0.127602E+00  0.441783E-02 -0.497363E-03
     11  0.786033E-02 -0.369370E-01  0.540088E-02 -0.547572E-03  0.608134E-02
     12 -0.123318E+00  0.395435E-02 -0.131172E+00 -0.296725E-01  0.139911E-02
     13  0.431089E-02 -0.146827E-03  0.177037E-02 -0.269317E+00  0.193639E-01
     14 -0.235933E-03  0.477498E-02 -0.503559E-02  0.197078E-01 -0.328765E-01
     15 -0.297580E-01  0.230899E-02 -0.129780E-01 -0.122268E+00  0.130141E-01
     16  0.432638E-02  0.159113E-03 -0.192974E-02 -0.270548E+00 -0.114864E-01
     17  0.252368E-03  0.476181E-02 -0.499050E-02 -0.118403E-01 -0.316991E-01
     18  0.298155E-01  0.131685E-02 -0.129829E-01  0.122800E+00  0.899943E-02
     19  0.427347E-03 -0.785927E-04 -0.386767E-03 -0.266118E-02  0.451891E-03
     20 -0.826589E-04 -0.448275E-02 -0.240658E-01  0.458726E-03  0.255021E-01
     21 -0.955501E-04 -0.580616E-02 -0.935014E-02  0.160927E-03  0.989816E-02
                6             7             8             9            10 
      6  0.808616E+00
      7 -0.204137E-02  0.280600E+00
      8 -0.711911E-03 -0.501439E-03  0.228716E-01
      9 -0.129512E-01 -0.138483E+00 -0.262939E-03  0.137760E+00
     10  0.201683E-02 -0.151899E-01  0.715552E-03 -0.136167E-01  0.280234E+00
     11 -0.783607E-03 -0.896546E-04  0.373537E-02  0.783306E-04 -0.808483E-02
     12 -0.129475E-01  0.136118E-01 -0.376158E-03  0.100053E-01  0.138318E+00
     13 -0.125793E+00  0.103484E-02 -0.473328E-03 -0.216276E-03  0.150099E-02
     14  0.201589E-01 -0.174051E-03 -0.785368E-02 -0.108400E-03  0.129931E-03
     15 -0.130043E+00  0.215089E-03 -0.530953E-03  0.118450E-02  0.922364E-03
     16  0.126550E+00  0.148893E-02 -0.259477E-03 -0.887810E-03  0.104607E-02
     17  0.160275E-01  0.203883E-03  0.115747E-01 -0.532095E-04 -0.120056E-03
     18 -0.130104E+00 -0.906666E-03  0.516721E-03 -0.484802E-02 -0.232053E-03
     19  0.453250E-03 -0.433399E-04 -0.826290E-04  0.413199E-04 -0.233351E-04
     20  0.281952E-01 -0.529552E-03  0.229357E-03  0.123520E-03  0.539156E-03
     21  0.702622E-02 -0.184433E-03  0.252869E-03  0.378787E-04  0.193232E-03
               11            12            13            14            15 
     11  0.232040E-01
     12 -0.490235E-02  0.137741E+00
     13  0.589886E-03  0.883920E-03  0.277722E+00
     14  0.115666E-01 -0.848121E-04 -0.208176E-01  0.296814E-01
     15  0.482952E-03 -0.484966E-02  0.136994E+00 -0.128948E-01  0.136905E+00
     16  0.180483E-03  0.213571E-03 -0.152424E-01 -0.138343E-02  0.133699E-01
     17 -0.786418E-02 -0.114389E-03  0.196074E-02  0.202407E-02 -0.195570E-02
     18 -0.525501E-03  0.118442E-02 -0.134271E-01 -0.151324E-02  0.961674E-02
     19  0.913534E-04 -0.368090E-04 -0.987129E-05  0.277330E-02  0.524658E-03
     20  0.213871E-03  0.124251E-03 -0.476701E-03 -0.731682E-02 -0.424587E-03
     21  0.249302E-03  0.382580E-04 -0.211807E-03 -0.522126E-03  0.164841E-03
               16            17            18            19            20 
     16  0.279022E+00
     17  0.125533E-01  0.284504E-01
     18 -0.137511E+00 -0.838228E-02  0.136969E+00
     19 -0.923552E-04 -0.300997E-02 -0.538348E-03  0.240273E-02
     20  0.236391E-03 -0.724772E-02 -0.411981E-03 -0.145360E-03 -0.689802E-02
     21  0.194934E-03 -0.531424E-03  0.164975E-03 -0.573038E-04 -0.354062E-02
               21 
     21  0.191797E-02
--
 Force constants in Cartesian coordinates: 
                1             2             3             4             5 
      1  0.649116E+00
      2 -0.889014E-02  0.115732E+00
      3 -0.255711E-03 -0.104249E-01  0.831182E+00
      4 -0.114012E+00  0.111129E-02  0.577995E-03  0.647425E+00
      5  0.111123E-02 -0.474367E-01  0.356252E-01 -0.942757E-02  0.775479E-01
      6  0.148938E-03  0.857508E-02 -0.534184E+00 -0.127712E-02 -0.674152E-01
      7 -0.272245E+00  0.536391E-03  0.127799E+00  0.443943E-02  0.503434E-03
      8  0.251332E-04 -0.367701E-01  0.107615E-02  0.527206E-03  0.608158E-02
      9  0.123415E+00 -0.159140E-03 -0.131170E+00  0.297208E-01  0.384551E-03
     10 -0.271890E+00  0.730022E-02 -0.127615E+00  0.440793E-02 -0.449910E-03
     11  0.781078E-02 -0.370912E-01  0.535833E-02 -0.470099E-03  0.610305E-02
     12 -0.123274E+00  0.397695E-02 -0.131155E+00 -0.296912E-01  0.137193E-02
     13  0.430775E-02 -0.137429E-03  0.184311E-02 -0.269343E+00  0.186109E-01
     14 -0.170659E-03  0.488546E-02 -0.465896E-02  0.189123E-01 -0.332603E-01
     15 -0.297694E-01  0.222916E-02 -0.129797E-01 -0.122334E+00  0.125237E-01
     16  0.432085E-02  0.153506E-03 -0.198932E-02 -0.270531E+00 -0.107580E-01
     17  0.190895E-03  0.487514E-02 -0.461078E-02 -0.110679E-01 -0.321234E-01
     18  0.298243E-01  0.123789E-02 -0.129844E-01  0.122857E+00  0.850920E-02
     19  0.403249E-03 -0.738360E-04 -0.360375E-03 -0.238510E-02  0.409899E-03
     20 -0.772462E-04 -0.419475E-02 -0.223650E-01  0.414759E-03  0.230878E-01
     21 -0.894291E-04 -0.543501E-02 -0.870848E-02  0.146290E-03  0.900063E-02
                6             7             8             9            10 
      6  0.813831E+00
      7 -0.209883E-02  0.280523E+00
      8 -0.654034E-03 -0.503618E-03  0.230063E-01
      9 -0.129630E-01 -0.138456E+00 -0.283093E-03  0.137762E+00
     10  0.207644E-02 -0.152071E-01  0.712142E-03 -0.136176E-01  0.280160E+00
     11 -0.726016E-03 -0.871809E-04  0.371853E-02  0.775563E-04 -0.806085E-02
     12 -0.129594E-01  0.136126E-01 -0.376400E-03  0.100000E-01  0.138292E+00
     13 -0.125945E+00  0.104071E-02 -0.453665E-03 -0.216084E-03  0.150191E-02
     14  0.191833E-01 -0.170922E-03 -0.791821E-02 -0.115837E-03  0.127161E-03
     15 -0.130141E+00  0.214273E-03 -0.514406E-03  0.118287E-02  0.917835E-03
     16  0.126676E+00  0.149094E-02 -0.231439E-03 -0.885703E-03  0.105111E-02
     17  0.150491E-01  0.208715E-03  0.116548E-01 -0.259517E-04 -0.124997E-03
     18 -0.130203E+00 -0.902447E-03  0.508540E-03 -0.484794E-02 -0.230660E-03
     19  0.418854E-03 -0.418556E-04 -0.757593E-04  0.399277E-04 -0.234311E-04
     20  0.259878E-01 -0.486820E-03  0.227150E-03  0.121913E-03  0.496243E-03
     21  0.662017E-02 -0.168432E-03  0.243243E-03  0.364678E-04  0.176871E-03
               11            12            13            14            15 
     11  0.233374E-01
     12 -0.491572E-02  0.137744E+00
     13  0.563861E-03  0.882698E-03  0.277765E+00
     14  0.116475E-01 -0.575293E-04 -0.200045E-01  0.294288E-01
     15  0.474811E-03 -0.484956E-02  0.137077E+00 -0.124266E-01  0.137018E+00
     16  0.159091E-03  0.213194E-03 -0.152687E-01 -0.130215E-02  0.133911E-01
     17 -0.792814E-02 -0.121859E-03  0.188154E-02  0.209578E-02 -0.187282E-02
     18 -0.509006E-03  0.118279E-02 -0.134454E-01 -0.142990E-02  0.962412E-02
     19  0.844012E-04 -0.354991E-04 -0.348715E-05  0.260876E-02  0.502783E-03
     20  0.212930E-03  0.122635E-03 -0.460744E-03 -0.687910E-02 -0.413855E-03
     21  0.240051E-03  0.368167E-04 -0.196993E-03 -0.494527E-03  0.145499E-03
               16            17            18            19            20 
     16  0.279018E+00
     17  0.117437E-01  0.282369E-01
     18 -0.137587E+00 -0.791571E-02  0.137083E+00
     19 -0.805170E-04 -0.283196E-02 -0.516270E-03  0.213114E-02
     20  0.235312E-03 -0.681106E-02 -0.401010E-03 -0.121505E-03 -0.564298E-02
     21  0.181113E-03 -0.501950E-03  0.145744E-03 -0.494202E-04 -0.305244E-02
               21 
     21  0.172378E-02
--
 Force constants in Cartesian coordinates: 
                1             2             3             4             5 
      1  0.649026E+00
      2 -0.887633E-02  0.115913E+00
      3 -0.261524E-03 -0.108245E-01  0.834825E+00
      4 -0.114074E+00  0.110521E-02  0.548971E-03  0.647266E+00
      5  0.110482E-02 -0.478299E-01  0.338383E-01 -0.936608E-02  0.807645E-01
      6  0.151053E-03  0.872180E-02 -0.538441E+00 -0.122460E-02 -0.638368E-01
      7 -0.272152E+00  0.532244E-03  0.127809E+00  0.442548E-02  0.461667E-03
      8  0.524291E-04 -0.369108E-01  0.104037E-02  0.451747E-03  0.610388E-02
      9  0.123373E+00 -0.130022E-03 -0.131153E+00  0.297375E-01  0.358504E-03
     10 -0.271800E+00  0.728827E-02 -0.127626E+00  0.439791E-02 -0.407152E-03
     11  0.776725E-02 -0.372305E-01  0.531876E-02 -0.393651E-03  0.612232E-02
     12 -0.123232E+00  0.400200E-02 -0.131138E+00 -0.297088E-01  0.134594E-02
     13  0.430402E-02 -0.130071E-03  0.190979E-02 -0.269366E+00  0.178877E-01
     14 -0.108084E-03  0.499103E-02 -0.431049E-02  0.181414E-01 -0.336120E-01
     15 -0.297803E-01  0.215258E-02 -0.129822E-01 -0.122396E+00  0.120478E-01
     16  0.431492E-02  0.149807E-03 -0.204403E-02 -0.270511E+00 -0.100525E-01
     17  0.132008E-03  0.498328E-02 -0.425978E-02 -0.103136E-01 -0.325154E-01
     18  0.298328E-01  0.116157E-02 -0.129868E-01  0.122910E+00  0.803040E-02
     19  0.380768E-03 -0.691277E-04 -0.335577E-03 -0.213750E-02  0.371561E-03
     20 -0.720857E-04 -0.391623E-02 -0.208027E-01  0.375035E-03  0.209665E-01
     21 -0.836220E-04 -0.508343E-02 -0.812408E-02  0.133259E-03  0.821584E-02
                6             7             8             9            10 
      6  0.818646E+00
      7 -0.215123E-02  0.280451E+00
      8 -0.597165E-03 -0.506334E-03  0.231303E-01
      9 -0.129740E-01 -0.138432E+00 -0.302928E-03  0.137764E+00
     10  0.213089E-02 -0.152234E-01  0.709215E-03 -0.136183E-01  0.280090E+00
     11 -0.669292E-03 -0.848230E-04  0.370098E-02  0.766917E-04 -0.804252E-02
     12 -0.129705E-01  0.136132E-01 -0.377030E-03  0.999489E-02  0.138268E+00
     13 -0.126085E+00  0.104630E-02 -0.434377E-03 -0.215874E-03  0.150298E-02
     14  0.182587E-01 -0.168384E-03 -0.797813E-02 -0.123174E-03  0.124947E-03
     15 -0.130231E+00  0.213521E-03 -0.498024E-03  0.118136E-02  0.913479E-03
     16  0.126792E+00  0.149304E-02 -0.203720E-03 -0.883434E-03  0.105590E-02
     17  0.141189E-01  0.212974E-03  0.117289E-01  0.000000E+00 -0.129354E-03
     18 -0.130294E+00 -0.898375E-03  0.500898E-03 -0.484796E-02 -0.229351E-03
     19  0.387203E-03 -0.404031E-04 -0.689602E-04  0.386818E-04 -0.234750E-04
     20  0.240039E-01 -0.447344E-03  0.224820E-03  0.120105E-03  0.456589E-03
     21  0.626482E-02 -0.153655E-03  0.233876E-03  0.349591E-04  0.161746E-03
               11            12            13            14            15 
     11  0.234605E-01
     12 -0.493175E-02  0.137747E+00
     13  0.538230E-03  0.881300E-03  0.277805E+00
     14  0.117224E-01 -0.307556E-04 -0.192202E-01  0.291851E-01
     15  0.467199E-03 -0.484956E-02  0.137156E+00 -0.119721E-01  0.137124E+00
     16  0.138001E-03  0.212789E-03 -0.152937E-01 -0.122380E-02  0.134112E-01
     17 -0.798752E-02 -0.129220E-03  0.180541E-02  0.216192E-02 -0.179414E-02
     18 -0.492657E-03  0.118129E-02 -0.134628E-01 -0.135057E-02  0.963059E-02
     19  0.775092E-04 -0.343520E-04  0.235262E-05  0.245416E-02  0.482195E-03
     20  0.211820E-03  0.120819E-03 -0.446684E-03 -0.647037E-02 -0.403269E-03
     21  0.231043E-03  0.352775E-04 -0.183074E-03 -0.471522E-03  0.127154E-03
               16            17            18            19            20 
     16  0.279011E+00
     17  0.109571E-01  0.280328E-01
     18 -0.137657E+00 -0.745942E-02  0.137189E+00
     19 -0.694635E-04 -0.266453E-02 -0.495452E-03  0.188772E-02
     20  0.235109E-03 -0.640401E-02 -0.390217E-03 -0.100620E-03 -0.461257E-02
     21  0.168047E-03 -0.477204E-03  0.127591E-03 -0.427000E-04 -0.264860E-02
               21 
     21  0.153429E-02
--
 Force constants in Cartesian coordinates: 
                1             2             3             4             5 
      1  0.648935E+00
      2 -0.886646E-02  0.116060E+00
      3 -0.267485E-03 -0.112249E-01  0.838209E+00
      4 -0.114124E+00  0.109974E-02  0.522688E-03  0.647113E+00
      5  0.109908E-02 -0.481962E-01  0.322344E-01 -0.931374E-02  0.835981E-01
      6  0.153238E-03  0.888022E-02 -0.542382E+00 -0.117512E-02 -0.605830E-01
      7 -0.272065E+00  0.527436E-03  0.127816E+00  0.441169E-02  0.424228E-03
      8  0.784496E-04 -0.370374E-01  0.100567E-02  0.377429E-03  0.612394E-02
      9  0.123335E+00 -0.100681E-03 -0.131136E+00  0.297531E-01  0.333214E-03
     10 -0.271714E+00  0.728061E-02 -0.127636E+00  0.438783E-02 -0.368779E-03
     11  0.772862E-02 -0.373561E-01  0.528176E-02 -0.318398E-03  0.613942E-02
     12 -0.123192E+00  0.402880E-02 -0.131123E+00 -0.297253E-01  0.132101E-02
     13  0.429978E-02 -0.124376E-03  0.197085E-02 -0.269386E+00  0.171940E-01
     14 -0.481552E-04  0.509166E-02 -0.398857E-02  0.173965E-01 -0.339319E-01
     15 -0.297907E-01  0.207924E-02 -0.129854E-01 -0.122454E+00  0.115872E-01
     16  0.430862E-02  0.147612E-03 -0.209413E-02 -0.270487E+00 -0.937276E-02
     17  0.756280E-04  0.508622E-02 -0.393575E-02 -0.958195E-02 -0.328763E-01
     18  0.298408E-01  0.108819E-02 -0.129897E-01  0.122957E+00  0.756524E-02
     19  0.359879E-03 -0.645655E-04 -0.312680E-03 -0.191485E-02  0.338001E-03
     20 -0.671669E-04 -0.364834E-02 -0.193726E-01  0.340439E-03  0.191430E-01
     21 -0.781226E-04 -0.475084E-02 -0.759306E-02  0.122048E-03  0.754186E-02
                6             7             8             9            10 
      6  0.823078E+00
      7 -0.219896E-02  0.280384E+00
      8 -0.541304E-03 -0.508349E-03  0.232447E-01
      9 -0.129844E-01 -0.138410E+00 -0.323068E-03  0.137766E+00
     10  0.218060E-02 -0.152390E-01  0.706680E-03 -0.136190E-01  0.280024E+00
     11 -0.613532E-03 -0.826744E-04  0.368283E-02  0.756830E-04 -0.802860E-02
     12 -0.129810E-01  0.136138E-01 -0.377958E-03  0.998988E-02  0.138245E+00
     13 -0.126215E+00  0.105163E-02 -0.415478E-03 -0.215666E-03  0.150415E-02
     14  0.173843E-01 -0.166356E-03 -0.803380E-02 -0.130402E-03  0.123207E-03
     15 -0.130314E+00  0.212849E-03 -0.481914E-03  0.117996E-02  0.909291E-03
     16  0.126897E+00  0.149519E-02 -0.176475E-03 -0.880998E-03  0.106048E-02
     17  0.132379E-01  0.216685E-03  0.117975E-01  0.270653E-04 -0.133151E-03
     18 -0.130376E+00 -0.894444E-03  0.493837E-03 -0.484809E-02 -0.228140E-03
     19  0.358788E-03 -0.389939E-04 -0.622565E-04  0.375795E-04 -0.234631E-04
     20  0.222354E-01 -0.410969E-03  0.222266E-03  0.118188E-03  0.420034E-03
     21  0.595908E-02 -0.140018E-03  0.224737E-03  0.333828E-04  0.147771E-03
               11            12            13            14            15 
     11  0.235743E-01
     12 -0.494975E-02  0.137750E+00
     13  0.513024E-03  0.879729E-03  0.277840E+00
     14  0.117917E-01 -0.452155E-05 -0.184655E-01  0.289502E-01
     15  0.460165E-03 -0.484967E-02  0.137230E+00 -0.115324E-01  0.137223E+00
     16  0.117333E-03  0.212374E-03 -0.153178E-01 -0.114849E-02  0.134301E-01
     17 -0.804265E-02 -0.136469E-03  0.173230E-02  0.222288E-02 -0.171947E-02
     18 -0.476567E-03  0.117991E-02 -0.134791E-01 -0.127518E-02  0.963616E-02
     19  0.706980E-04 -0.333522E-04  0.770228E-05  0.230882E-02  0.462871E-03
     20  0.210449E-03  0.118897E-03 -0.433921E-03 -0.609070E-02 -0.392798E-03
     21  0.222241E-03  0.336704E-04 -0.169843E-03 -0.453197E-03  0.109785E-03
               16            17            18            19            20 
     16  0.279000E+00
     17  0.101974E-01  0.278390E-01
     18 -0.137720E+00 -0.701584E-02  0.137287E+00
     19 -0.591429E-04 -0.250696E-02 -0.475846E-03  0.166887E-02
     20  0.235327E-03 -0.602665E-02 -0.379678E-03 -0.837444E-04 -0.381001E-02
     21  0.155524E-03 -0.457415E-03  0.110416E-03 -0.373601E-04 -0.232739E-02
               21 
     21  0.134672E-02
--
 Force constants in Cartesian coordinates: 
                1             2             3             4             5 
      1  0.648842E+00
      2 -0.885929E-02  0.116178E+00
      3 -0.273576E-03 -0.116257E-01  0.841349E+00
      4 -0.114165E+00  0.109478E-02  0.499123E-03  0.646963E+00
      5  0.109388E-02 -0.485367E-01  0.307981E-01 -0.926896E-02  0.861161E-01
      6  0.155538E-03  0.904933E-02 -0.546029E+00 -0.112851E-02 -0.576170E-01
      7 -0.271982E+00  0.521477E-03  0.127823E+00  0.439809E-02  0.390777E-03
      8  0.102643E-03 -0.371512E-01  0.972418E-03  0.304384E-03  0.614201E-02
      9  0.123298E+00 -0.709525E-04 -0.131121E+00  0.297675E-01  0.308714E-03
     10 -0.271633E+00  0.727667E-02 -0.127644E+00  0.437772E-02 -0.334447E-03
     11  0.769440E-02 -0.374691E-01  0.524719E-02 -0.244476E-03  0.615462E-02
     12 -0.123155E+00  0.405699E-02 -0.131107E+00 -0.297406E-01  0.129705E-02
     13  0.429512E-02 -0.119952E-03  0.202690E-02 -0.269401E+00  0.165296E-01
     14  0.919053E-05  0.518735E-02 -0.369086E-02  0.166787E-01 -0.342223E-01
     15 -0.298007E-01  0.200915E-02 -0.129889E-01 -0.122508E+00  0.111423E-01
     16  0.430200E-02  0.146524E-03 -0.214011E-02 -0.270460E+00 -0.871966E-02
     17  0.216822E-04  0.518401E-02 -0.363631E-02 -0.887496E-02 -0.332086E-01
     18  0.298486E-01  0.101786E-02 -0.129932E-01  0.122998E+00  0.711450E-02
     19  0.340538E-03 -0.601992E-04 -0.291722E-03 -0.171373E-02  0.308814E-03
     20 -0.624927E-04 -0.339214E-02 -0.180648E-01  0.310516E-03  0.175548E-01
     21 -0.729252E-04 -0.443670E-02 -0.711038E-02  0.112424E-03  0.695631E-02
                6             7             8             9            10 
      6  0.827157E+00
      7 -0.224244E-02  0.280321E+00
      8 -0.486496E-03 -0.509084E-03  0.233502E-01
      9 -0.129941E-01 -0.138389E+00 -0.343791E-03  0.137768E+00
     10  0.222600E-02 -0.152539E-01  0.704498E-03 -0.136195E-01  0.279963E+00
     11 -0.558793E-03 -0.807688E-04  0.366418E-02  0.745178E-04 -0.801856E-02
     12 -0.129908E-01  0.136143E-01 -0.379138E-03  0.998497E-02  0.138224E+00
     13 -0.126336E+00  0.105675E-02 -0.397003E-03 -0.215486E-03  0.150537E-02
     14  0.165581E-01 -0.164764E-03 -0.808555E-02 -0.137514E-03  0.121878E-03
     15 -0.130388E+00  0.212266E-03 -0.466152E-03  0.117867E-02  0.905263E-03
     16  0.126992E+00  0.149735E-02 -0.149770E-03 -0.878392E-03  0.106489E-02
     17  0.124041E-01  0.219889E-03  0.118609E-01  0.527424E-04 -0.136441E-03
     18 -0.130450E+00 -0.890645E-03  0.487354E-03 -0.484832E-02 -0.227036E-03
     19  0.333387E-03 -0.376331E-04 -0.556693E-04  0.366172E-04 -0.233961E-04
     20  0.206507E-01 -0.377525E-03  0.219444E-03  0.116283E-03  0.386408E-03
     21  0.569438E-02 -0.127442E-03  0.215804E-03  0.317824E-04  0.134869E-03
               11            12            13            14            15 
     11  0.236795E-01
     12 -0.496943E-02  0.137752E+00
     13  0.488288E-03  0.877980E-03  0.277872E+00
     14  0.118559E-01  0.211451E-04 -0.177410E-01  0.287237E-01
     15  0.453714E-03 -0.484987E-02  0.137298E+00 -0.111083E-01  0.137314E+00
     16  0.971392E-04  0.211974E-03 -0.153412E-01 -0.107615E-02  0.134481E-01
     17 -0.809388E-02 -0.143602E-03  0.166212E-02  0.227917E-02 -0.164859E-02
     18 -0.460808E-03  0.117864E-02 -0.134946E-01 -0.120355E-02  0.964090E-02
     19  0.639872E-04 -0.324858E-04  0.126209E-04  0.217208E-02  0.444763E-03
     20  0.208748E-03  0.116983E-03 -0.422092E-03 -0.573838E-02 -0.382179E-03
     21  0.213618E-03  0.320377E-04 -0.157169E-03 -0.439049E-03  0.934462E-04
               16            17            18            19            20 
     16  0.278986E+00
     17  0.946632E-02  0.276560E-01
     18 -0.137777E+00 -0.658608E-02  0.137378E+00
     19 -0.495348E-04 -0.235860E-02 -0.457389E-03  0.147113E-02
     20  0.235601E-03 -0.567761E-02 -0.369279E-03 -0.704145E-04 -0.317491E-02
     21  0.143414E-03 -0.442296E-03  0.941970E-04 -0.331700E-04 -0.206769E-02
               21 
     21  0.116454E-02
--
 Force constants in Cartesian coordinates: 
                1             2             3             4             5 
      1  0.648749E+00
      2 -0.885418E-02  0.116270E+00
      3 -0.279787E-03 -0.120262E-01  0.844265E+00
      4 -0.114197E+00  0.109028E-02  0.478063E-03  0.646817E+00
      5  0.108915E-02 -0.488521E-01  0.295096E-01 -0.922954E-02  0.884302E-01
      6  0.157988E-03  0.922840E-02 -0.549407E+00 -0.108423E-02 -0.548843E-01
      7 -0.271903E+00  0.514136E-03  0.127829E+00  0.438469E-02  0.360970E-03
      8  0.124716E-03 -0.372534E-01  0.940835E-03  0.232741E-03  0.615832E-02
      9  0.123265E+00 -0.407905E-04 -0.131106E+00  0.297808E-01  0.284994E-03
     10 -0.271557E+00  0.727607E-02 -0.127650E+00  0.436762E-02 -0.303808E-03
     11  0.766427E-02 -0.375707E-01  0.521497E-02 -0.172011E-03  0.616818E-02
     12 -0.123121E+00  0.408634E-02 -0.131093E+00 -0.297547E-01  0.127401E-02
     13  0.429009E-02 -0.116470E-03  0.207857E-02 -0.269413E+00  0.158943E-01
     14  0.640209E-04  0.527818E-02 -0.341459E-02  0.159887E-01 -0.344870E-01
     15 -0.298101E-01  0.194224E-02 -0.129925E-01 -0.122557E+00  0.107131E-01
     16  0.429513E-02  0.146210E-03 -0.218252E-02 -0.270428E+00 -0.809353E-02
     17 -0.299000E-04  0.527673E-02 -0.335865E-02 -0.819388E-02 -0.335163E-01
     18  0.298558E-01  0.950585E-03 -0.129967E-01  0.123033E+00  0.667836E-02
     19  0.322673E-03 -0.560549E-04 -0.272553E-03 -0.153142E-02  0.282475E-03
     20 -0.580818E-04 -0.314850E-02 -0.168659E-01  0.283741E-03  0.160987E-01
     21 -0.680294E-04 -0.414053E-02 -0.666998E-02  0.103842E-03  0.642422E-02
                6             7             8             9            10 
      6  0.830926E+00
      7 -0.228208E-02  0.280262E+00
      8 -0.432772E-03 -0.508249E-03  0.234476E-01
      9 -0.130033E-01 -0.138370E+00 -0.365222E-03  0.137770E+00
     10  0.226751E-02 -0.152682E-01  0.702645E-03 -0.136199E-01  0.279905E+00
     11 -0.505121E-03 -0.791167E-04  0.364515E-02  0.731987E-04 -0.801206E-02
     12 -0.130000E-01  0.136147E-01 -0.380537E-03  0.998017E-02  0.138205E+00
     13 -0.126446E+00  0.106169E-02 -0.378987E-03 -0.215350E-03  0.150661E-02
     14  0.157764E-01 -0.163532E-03 -0.813371E-02 -0.144513E-03  0.120898E-03
     15 -0.130456E+00  0.211775E-03 -0.450792E-03  0.117749E-02  0.901383E-03
     16  0.127077E+00  0.149948E-02 -0.123643E-03 -0.875620E-03  0.106915E-02
     17  0.116144E-01  0.222639E-03  0.119197E-01  0.778296E-04 -0.139290E-03
     18 -0.130517E+00 -0.886971E-03  0.481427E-03 -0.484865E-02 -0.226040E-03
     19  0.310312E-03 -0.363217E-04 -0.492233E-04  0.357877E-04 -0.232777E-04
     20  0.192030E-01 -0.346847E-03  0.216316E-03  0.114503E-03  0.355543E-03
     21  0.545654E-02 -0.115863E-03  0.207060E-03  0.302044E-04  0.122973E-03
               11            12            13            14            15 
     11  0.237768E-01
     12 -0.499060E-02  0.137755E+00
     13  0.464064E-03  0.876054E-03  0.277901E+00
     14  0.119154E-01  0.462180E-04 -0.170466E-01  0.285056E-01
     15  0.447833E-03 -0.485017E-02  0.137361E+00 -0.107001E-01  0.137398E+00
     16  0.774558E-04  0.211610E-03 -0.153642E-01 -0.100678E-02  0.134649E-01
     17 -0.814152E-02 -0.150619E-03  0.159485E-02  0.233141E-02 -0.158125E-02
     18 -0.445433E-03  0.117748E-02 -0.135091E-01 -0.113547E-02  0.964487E-02
     19  0.574022E-04 -0.317403E-04  0.171642E-04  0.204331E-02  0.427789E-03
     20  0.206671E-03  0.115190E-03 -0.411145E-03 -0.540991E-02 -0.370958E-03
     21  0.205156E-03  0.304254E-04 -0.145056E-03 -0.427951E-03  0.782607E-04
               16            17            18            19            20 
     16  0.278969E+00
     17  0.876442E-02  0.274836E-01
     18 -0.137827E+00 -0.617077E-02  0.137461E+00
     19 -0.406236E-04 -0.221884E-02 -0.440000E-03  0.129181E-02
     20  0.235865E-03 -0.535370E-02 -0.358705E-03 -0.590750E-04 -0.260959E-02
     21  0.131728E-03 -0.430904E-03  0.789874E-04 -0.295949E-04 -0.183705E-02
               21 
     21  0.995558E-03
--
 Force constants in Cartesian coordinates: 
                1             2             3             4             5 
      1  0.648655E+00
      2 -0.885070E-02  0.116340E+00
      3 -0.286116E-03 -0.124265E-01  0.846975E+00
      4 -0.114222E+00  0.108623E-02  0.459191E-03  0.646673E+00
      5  0.108490E-02 -0.491432E-01  0.283479E-01 -0.919348E-02  0.906447E-01
      6  0.160617E-03  0.941725E-02 -0.552544E+00 -0.104164E-02 -0.523308E-01
      7 -0.271828E+00  0.505313E-03  0.127833E+00  0.437152E-02  0.334519E-03
      8  0.144517E-03 -0.373451E-01  0.911042E-03  0.162627E-03  0.617317E-02
      9  0.123233E+00 -0.101907E-04 -0.131092E+00  0.297930E-01  0.262022E-03
     10 -0.271483E+00  0.727856E-02 -0.127656E+00  0.435755E-02 -0.276567E-03
     11  0.763802E-02 -0.376620E-01  0.518506E-02 -0.101127E-03  0.618036E-02
     12 -0.123088E+00  0.411668E-02 -0.131078E+00 -0.297677E-01  0.125180E-02
     13  0.428477E-02 -0.113731E-03  0.212634E-02 -0.269421E+00  0.152876E-01
     14  0.116405E-03  0.536417E-02 -0.315681E-02  0.153264E-01 -0.347312E-01
     15 -0.298190E-01  0.187842E-02 -0.129959E-01 -0.122602E+00  0.102991E-01
     16  0.428807E-02  0.146472E-03 -0.222176E-02 -0.270394E+00 -0.749442E-02
     17 -0.791890E-04  0.536442E-02 -0.309979E-02 -0.753925E-02 -0.338042E-01
     18  0.298627E-01  0.886288E-03 -0.130001E-01  0.123063E+00  0.625661E-02
     19  0.306189E-03 -0.521549E-04 -0.254930E-03 -0.136620E-02  0.257467E-03
     20 -0.539549E-04 -0.291827E-02 -0.157609E-01  0.258559E-03  0.146803E-01
     21 -0.634353E-04 -0.386196E-02 -0.626530E-02  0.957655E-04  0.591344E-02
                6             7             8             9            10 
      6  0.834428E+00
      7 -0.231820E-02  0.280206E+00
      8 -0.380140E-03 -0.505713E-03  0.235375E-01
      9 -0.130119E-01 -0.138353E+00 -0.387410E-03  0.137772E+00
     10  0.230545E-02 -0.152819E-01  0.701100E-03 -0.136203E-01  0.279850E+00
     11 -0.452530E-03 -0.777164E-04  0.362586E-02  0.717353E-04 -0.800885E-02
     12 -0.130086E-01  0.136151E-01 -0.382132E-03  0.997546E-02  0.138186E+00
     13 -0.126548E+00  0.106647E-02 -0.361457E-03 -0.215261E-03  0.150785E-02
     14  0.150349E-01 -0.162597E-03 -0.817856E-02 -0.151402E-03  0.120214E-03
     15 -0.130518E+00  0.211373E-03 -0.435872E-03  0.117640E-02  0.897646E-03
     16  0.127153E+00  0.150157E-02 -0.981221E-04 -0.872699E-03  0.107329E-02
     17  0.108642E-01  0.224990E-03  0.119742E-01  0.102306E-03 -0.141761E-03
     18 -0.130577E+00 -0.883419E-03  0.476024E-03 -0.484907E-02 -0.225150E-03
     19  0.288825E-03 -0.350601E-04 -0.429526E-04  0.350791E-04 -0.231122E-04
     20  0.178471E-01 -0.318795E-03  0.212842E-03  0.112939E-03  0.327299E-03
     21  0.523085E-02 -0.105230E-03  0.198488E-03  0.286913E-04  0.112031E-03
               11            12            13            14            15 
     11  0.238668E-01
     12 -0.501312E-02  0.137757E+00
     13  0.440385E-03  0.873964E-03  0.277927E+00
     14  0.119706E-01  0.706749E-04 -0.163819E-01  0.282954E-01
     15  0.442491E-03 -0.485056E-02  0.137419E+00 -0.103083E-01  0.137475E+00
     16  0.583078E-04  0.211287E-03 -0.153868E-01 -0.940368E-03  0.134808E-01
     17 -0.818586E-02 -0.157520E-03  0.153049E-02  0.238027E-02 -0.151718E-02
     18 -0.430480E-03  0.117643E-02 -0.135228E-01 -0.107065E-02  0.964815E-02
     19  0.509783E-04 -0.311021E-04  0.213750E-04  0.192184E-02  0.411825E-03
     20  0.204173E-03  0.113609E-03 -0.401330E-03 -0.510075E-02 -0.358623E-03
     21  0.196842E-03  0.288757E-04 -0.133638E-03 -0.418378E-03  0.643783E-04
               16            17            18            19            20 
     16  0.278950E+00
     17  0.809172E-02  0.273216E-01
     18 -0.137871E+00 -0.577028E-02  0.137537E+00
     19 -0.323774E-04 -0.208700E-02 -0.423577E-03  0.112918E-02
     20  0.236403E-03 -0.505045E-02 -0.347515E-03 -0.481795E-04 -0.202788E-02
     21  0.120627E-03 -0.421785E-03  0.649002E-04 -0.261202E-04 -0.160665E-02
               21 
     21  0.847604E-03
--
 Force constants in Cartesian coordinates: 
                1             2             3             4             5 
      1  0.648561E+00
      2 -0.884861E-02  0.116391E+00
      3 -0.292564E-03 -0.128267E-01  0.849498E+00
      4 -0.114241E+00  0.108263E-02  0.442172E-03  0.646534E+00
      5  0.108109E-02 -0.494099E-01  0.272933E-01 -0.915969E-02  0.928144E-01
      6  0.163447E-03  0.961626E-02 -0.555464E+00 -0.100032E-02 -0.499191E-01
      7 -0.271757E+00  0.494980E-03  0.127837E+00  0.435861E-02  0.311194E-03
      8  0.161982E-03 -0.374273E-01  0.883096E-03  0.941787E-04  0.618682E-02
      9  0.123203E+00  0.208376E-04 -0.131078E+00  0.298042E-01  0.239770E-03
     10 -0.271413E+00  0.728394E-02 -0.127660E+00  0.434756E-02 -0.252488E-03
     11  0.761549E-02 -0.377440E-01  0.515742E-02 -0.319534E-04  0.619146E-02
     12 -0.123057E+00  0.414791E-02 -0.131065E+00 -0.297797E-01  0.123040E-02
     13  0.427920E-02 -0.111638E-03  0.217047E-02 -0.269425E+00  0.147090E-01
     14  0.166408E-03  0.544523E-02 -0.291473E-02  0.146918E-01 -0.349601E-01
     15 -0.298274E-01  0.181757E-02 -0.129988E-01 -0.122643E+00  0.989987E-02
     16  0.428087E-02  0.147213E-03 -0.225797E-02 -0.270356E+00 -0.692219E-02
     17 -0.126254E-03  0.544703E-02 -0.285688E-02 -0.691113E-02 -0.340768E-01
     18  0.298692E-01  0.824862E-03 -0.130029E-01  0.123089E+00  0.584893E-02
     19  0.290972E-03 -0.485179E-04 -0.238595E-03 -0.121694E-02  0.233047E-03
     20 -0.501092E-04 -0.270238E-02 -0.147355E-01  0.234133E-03  0.132541E-01
     21 -0.591362E-04 -0.360074E-02 -0.589004E-02  0.878689E-04  0.540680E-02
                6             7             8             9            10 
      6  0.837700E+00
      7 -0.235107E-02  0.280153E+00
      8 -0.328594E-03 -0.501441E-03  0.236206E-01
      9 -0.130200E-01 -0.138336E+00 -0.410362E-03  0.137774E+00
     10  0.234009E-02 -0.152951E-01  0.699850E-03 -0.136206E-01  0.279797E+00
     11 -0.401014E-03 -0.765597E-04  0.360646E-02  0.701410E-04 -0.800873E-02
     12 -0.130168E-01  0.136154E-01 -0.383900E-03  0.997085E-02  0.138169E+00
     13 -0.126641E+00  0.107108E-02 -0.344434E-03 -0.215209E-03  0.150909E-02
     14  0.143288E-01 -0.161912E-03 -0.822039E-02 -0.158182E-03  0.119789E-03
     15 -0.130574E+00  0.211052E-03 -0.421419E-03  0.117542E-02  0.894048E-03
     16  0.127220E+00  0.150362E-02 -0.732371E-04 -0.869656E-03  0.107729E-02
     17  0.101493E-01  0.226984E-03  0.120248E-01  0.126160E-03 -0.143907E-03
     18 -0.130632E+00 -0.879986E-03  0.471104E-03 -0.484957E-02 -0.224357E-03
     19  0.268418E-03 -0.338476E-04 -0.368987E-04  0.344751E-04 -0.229052E-04
     20  0.165543E-01 -0.293245E-03  0.208990E-03  0.111636E-03  0.301548E-03
     21  0.500664E-02 -0.955008E-04  0.190075E-03  0.272703E-04  0.102000E-03
               11            12            13            14            15 
     11  0.239503E-01
     12 -0.503689E-02  0.137759E+00
     13  0.417284E-03  0.871735E-03  0.277950E+00
     14  0.120218E-01  0.945019E-04 -0.157462E-01  0.280936E-01
     15  0.437648E-03 -0.485104E-02  0.137473E+00 -0.993276E-02  0.137546E+00
     16  0.397115E-04  0.210995E-03 -0.154089E-01 -0.876888E-03  0.134958E-01
     17 -0.822718E-02 -0.164305E-03  0.146898E-02  0.242640E-02 -0.145615E-02
     18 -0.415977E-03  0.117547E-02 -0.135357E-01 -0.100884E-02  0.965081E-02
     19  0.447588E-04 -0.305575E-04  0.252821E-04  0.180701E-02  0.396717E-03
     20  0.201206E-03  0.112284E-03 -0.392983E-03 -0.480655E-02 -0.344769E-03
     21  0.188666E-03  0.274150E-04 -0.123105E-03 -0.408786E-03  0.519293E-04
               16            17            18            19            20 
     16  0.278928E+00
     17  0.744776E-02  0.271688E-01
     18 -0.137910E+00 -0.538488E-02  0.137606E+00
     19 -0.247443E-04 -0.196243E-02 -0.407999E-03  0.982187E-03
     20  0.237629E-03 -0.476305E-02 -0.335203E-03 -0.369727E-04 -0.139233E-02
     21  0.110332E-03 -0.413279E-03  0.520875E-04 -0.224584E-04 -0.136273E-02
               21 
     21  0.724698E-03
--
 Force constants in Cartesian coordinates: 
                1             2             3             4             5 
      1  0.648467E+00
      2 -0.884775E-02  0.116427E+00
      3 -0.299132E-03 -0.132273E-01  0.851851E+00
      4 -0.114255E+00  0.107944E-02  0.426679E-03  0.646399E+00
      5  0.107770E-02 -0.496524E-01  0.263291E-01 -0.912772E-02  0.949387E-01
      6  0.166488E-03  0.982594E-02 -0.558190E+00 -0.960014E-03 -0.476308E-01
      7 -0.271689E+00  0.483160E-03  0.127839E+00  0.434598E-02  0.290749E-03
      8  0.177089E-03 -0.375011E-01  0.857023E-03  0.275467E-04  0.619952E-02
      9  0.123175E+00  0.522728E-04 -0.131065E+00  0.298145E-01  0.218272E-03
     10 -0.271346E+00  0.729204E-02 -0.127663E+00  0.433767E-02 -0.231322E-03
     11  0.759655E-02 -0.378179E-01  0.513203E-02  0.353647E-04  0.620175E-02
     12 -0.123027E+00  0.417995E-02 -0.131051E+00 -0.297907E-01  0.120982E-02
     13  0.427342E-02 -0.110103E-03  0.221101E-02 -0.269427E+00  0.141580E-01
     14  0.214084E-03  0.552117E-02 -0.268601E-02  0.140846E-01 -0.351784E-01
     15 -0.298354E-01  0.175959E-02 -0.130009E-01 -0.122680E+00  0.951479E-02
     16  0.427358E-02  0.148346E-03 -0.229113E-02 -0.270317E+00 -0.637643E-02
     17 -0.171161E-03  0.552442E-02 -0.262744E-02 -0.630941E-02 -0.343372E-01
     18  0.298753E-01  0.766214E-03 -0.130051E-01  0.123109E+00  0.545524E-02
     19  0.276905E-03 -0.451343E-04 -0.223302E-03 -0.108286E-02  0.209030E-03
     20 -0.465133E-04 -0.250142E-02 -0.137774E-01  0.210191E-03  0.118279E-01
     21 -0.551183E-04 -0.335664E-02 -0.553847E-02  0.799982E-04  0.490354E-02
                6             7             8             9            10 
      6  0.840771E+00
      7 -0.238088E-02  0.280103E+00
      8 -0.278131E-03 -0.495453E-03  0.236974E-01
      9 -0.130275E-01 -0.138321E+00 -0.434061E-03  0.137776E+00
     10  0.237164E-02 -0.153079E-01  0.698884E-03 -0.136209E-01  0.279748E+00
     11 -0.350561E-03 -0.756358E-04  0.358709E-02  0.684316E-04 -0.801156E-02
     12 -0.130244E-01  0.136156E-01 -0.385824E-03  0.996635E-02  0.138153E+00
     13 -0.126725E+00  0.107552E-02 -0.327934E-03 -0.215182E-03  0.151033E-02
     14  0.136539E-01 -0.161450E-03 -0.825945E-02 -0.164849E-03  0.119609E-03
     15 -0.130626E+00  0.210801E-03 -0.407455E-03  0.117452E-02  0.890585E-03
     16  0.127279E+00  0.150563E-02 -0.490308E-04 -0.866521E-03  0.108116E-02
     17  0.946577E-02  0.228648E-03  0.120717E-01  0.149382E-03 -0.145764E-03
     18 -0.130681E+00 -0.876672E-03  0.466631E-03 -0.485015E-02 -0.223651E-03
     19  0.248764E-03 -0.326804E-04 -0.311019E-04  0.339554E-04 -0.226649E-04
     20  0.153139E-01 -0.270019E-03  0.204746E-03  0.110551E-03  0.278113E-03
     21  0.477842E-02 -0.866153E-04  0.181817E-03  0.259368E-04  0.928184E-04
               11            12            13            14            15 
     11  0.240277E-01
     12 -0.506184E-02  0.137760E+00
     13  0.394807E-03  0.869394E-03  0.277969E+00
     14  0.120694E-01  0.117691E-03 -0.151389E-01  0.279010E-01
     15  0.433262E-03 -0.485159E-02  0.137521E+00 -0.957301E-02  0.137610E+00
     16  0.216822E-04  0.210727E-03 -0.154304E-01 -0.816240E-03  0.135099E-01
     17 -0.826574E-02 -0.170971E-03  0.141024E-02  0.247037E-02 -0.139795E-02
     18 -0.401949E-03  0.117460E-02 -0.135478E-01 -0.949823E-03  0.965295E-02
     19  0.387881E-04 -0.300938E-04  0.289042E-04  0.169827E-02  0.382316E-03
     20  0.197727E-03  0.111168E-03 -0.386153E-03 -0.452409E-02 -0.329227E-03
     21  0.180623E-03  0.260385E-04 -0.113571E-03 -0.397910E-03  0.409891E-04
               16            17            18            19            20 
     16  0.278904E+00
     17  0.683195E-02  0.270235E-01
     18 -0.137943E+00 -0.501505E-02  0.137668E+00
     19 -0.176670E-04 -0.184451E-02 -0.393133E-03  0.850063E-03
     20  0.239727E-03 -0.448714E-02 -0.321262E-03 -0.253459E-04 -0.717754E-03
     21  0.100996E-03 -0.403740E-03  0.407247E-04 -0.185076E-04 -0.110769E-02
               21 
     21  0.626367E-03
