step=0

-0.256523	0.202558	-0.001270	-0.000360	-0.000304	0.000013	-0.000260	-0.427882	0.020292	0.002293	-0.008175	-0.134562	-0.000495	-0.014562	-0.004003	0.002000	0.017334	-0.267000	0.124151	0.775646	-0.051264	
0.004259	-0.003348	0.004698	0.003032	-0.010463	0.005279	0.011528	0.006884	-0.001370	0.150310	-0.485669	0.002897	-0.030273	0.001169	-0.241560	-0.517407	-0.031979	0.018978	0.012464	-0.035981	-0.641351	
0.000440	-0.001004	-0.200880	-0.114602	0.604754	-0.222197	-0.323012	0.000227	0.000011	0.014243	-0.016471	-0.000081	-0.002498	0.000225	-0.106397	0.045083	0.005020	0.608544	0.019581	0.206067	0.006705	
-0.204544	-0.254516	0.001844	-0.001843	0.000694	0.000438	0.000197	0.427926	-0.027655	-0.007252	0.001118	-0.132588	-0.003856	0.182743	0.005974	0.008012	-0.195310	-0.050398	0.781861	0.078762	0.012302	
0.003319	0.004074	-0.011528	0.013261	0.032756	0.015997	-0.017945	-0.007128	-0.004364	-0.440442	0.075524	0.002143	-0.250499	-0.003818	0.342179	0.451993	0.027579	0.019898	0.016815	-0.039785	-0.641151	
0.000930	0.001868	0.156796	-0.169505	-0.598715	-0.230084	0.316485	-0.000094	-0.000478	-0.032579	-0.000796	-0.000090	-0.096736	0.000266	-0.090917	0.056427	0.005675	0.608597	0.019760	0.205886	0.006720	
0.444558	-0.356192	-0.472421	-0.353398	-0.218027	0.268241	-0.171845	0.113398	-0.018329	0.002286	0.008035	0.230609	-0.001103	-0.035176	-0.002728	-0.000018	0.028762	-0.104058	-0.045100	0.310660	-0.022684	
-0.000105	-0.000095	0.000487	0.000441	0.007974	-0.013876	0.005442	-0.018121	-0.466969	-0.008210	0.609333	-0.043220	-0.012272	-0.399775	-0.154212	-0.249539	-0.357290	0.006291	-0.002935	-0.008124	-0.185232	
-0.277431	0.221010	0.280312	0.206980	-0.144947	0.392716	-0.407281	0.380256	-0.038900	0.008185	0.011007	0.431557	-0.004682	-0.049860	-0.033296	0.012099	0.040226	0.132817	-0.126641	0.199862	-0.010830	
0.441450	-0.351838	0.476901	0.354597	0.218221	-0.268690	0.172109	0.113608	-0.002914	-0.002398	0.012776	0.231732	0.000633	-0.021959	-0.002389	-0.000681	0.040137	-0.104088	-0.044899	0.310599	-0.022706	
-0.014608	0.011821	-0.015401	-0.011380	0.000817	-0.005285	-0.000078	0.014957	0.473962	-0.019970	0.604370	0.033909	-0.011553	0.400656	-0.152537	-0.289229	0.323968	0.004482	0.009085	-0.011793	-0.186548	
0.275757	-0.218527	0.283266	0.207860	-0.145109	0.392841	-0.407985	-0.379479	0.039555	0.007101	0.009834	-0.431361	-0.004536	0.050138	-0.033215	0.007545	-0.037691	0.219869	0.137887	-0.080321	0.014708	
0.349443	0.438305	-0.349098	0.482829	-0.217288	-0.268914	-0.176705	-0.114108	0.008704	0.014743	0.000474	0.233291	0.001199	0.054663	0.002663	0.004217	-0.102645	0.012172	0.307388	-0.063053	0.011447	
-0.022301	-0.027680	0.022572	-0.030362	-0.017924	-0.022823	-0.006103	0.018097	0.531545	0.603126	0.097992	0.019480	0.056250	-0.328874	0.124774	0.270383	-0.324646	0.006783	-0.000588	-0.010168	-0.185126	
0.219567	0.273716	-0.208768	0.284991	0.142077	0.386947	0.412623	0.381442	0.026937	0.038609	0.007942	-0.431206	-0.016042	-0.035760	-0.025731	0.028106	0.041104	0.132943	-0.126230	0.199440	-0.010794	
0.355103	0.448137	0.342580	-0.476416	0.216466	0.267757	0.176129	-0.115340	-0.008708	0.005400	0.003694	0.232841	0.000883	0.065534	0.001670	0.003560	-0.091352	0.012144	0.307592	-0.063119	0.011425	
0.010860	0.013417	0.010767	-0.014116	-0.025190	-0.031470	-0.012087	-0.014047	-0.516150	0.614797	0.104258	-0.027709	0.057584	0.327490	0.126060	0.230750	0.355790	0.004976	0.011417	-0.013833	-0.186441	
-0.222621	-0.279198	-0.204363	0.280540	0.141775	0.386313	0.411632	-0.382662	-0.025852	0.039340	0.009830	0.431647	-0.015884	0.035986	-0.025640	0.023597	-0.036716	0.219891	0.137979	-0.080405	0.014713	
0.000414	0.000875	0.000055	-0.000013	-0.000721	0.000049	0.000530	0.002291	0.046654	-0.002917	-0.000632	-0.006639	0.013400	-0.643390	-0.006018	-0.041624	0.683483	0.012814	0.329613	-0.076104	0.010725	
0.000006	0.000030	0.005143	-0.000803	-0.042603	0.000038	0.034966	-0.000044	-0.002604	-0.188607	-0.000700	0.000149	0.878826	0.009643	-0.291282	0.263357	0.003564	0.005925	0.005244	-0.011980	-0.185756	
0.000001	0.000017	0.001671	-0.000024	-0.014636	0.001833	0.013532	-0.000017	-0.000126	-0.029967	0.020967	-0.000047	0.383561	-0.002198	0.798737	-0.421618	-0.023718	0.174362	-0.001087	0.066521	0.001389	

step=1

-0.257373	0.201519	-0.001275	-0.000349	-0.000300	0.000013	-0.000260	-0.427716	0.021737	0.002144	-0.008229	-0.134555	-0.000347	-0.014390	-0.003978	0.045991	-0.378747	-0.444892	-0.366715	-0.228199	0.401604	
0.004272	-0.003330	0.004660	0.002989	-0.010086	0.005226	0.011827	0.006897	-0.001281	0.139399	-0.489063	0.002899	-0.021389	0.001118	-0.240682	0.045032	-0.356508	-0.109730	0.180858	0.705790	0.102942	
0.000443	-0.001003	-0.201474	-0.113127	0.603434	-0.221928	-0.325679	0.000235	0.000036	0.013784	-0.017052	-0.000080	0.003551	0.000191	-0.106677	-0.003993	0.032777	-0.015124	-0.508915	0.163795	-0.357970	
-0.203490	-0.255393	0.001846	-0.001881	0.000712	0.000447	0.000188	0.427720	-0.029781	-0.007140	0.001297	-0.132532	-0.004115	0.183714	0.005818	-0.206129	0.312401	-0.716548	0.048643	0.045558	0.011935	
0.003295	0.004077	-0.011988	0.014036	0.033814	0.016728	-0.018635	-0.007171	-0.004700	-0.434883	0.085017	0.002064	-0.264570	-0.003804	0.335029	-0.036669	0.311373	0.166202	-0.241969	0.425831	0.503363	
0.000939	0.001894	0.155194	-0.170603	-0.597114	-0.230360	0.318603	-0.000104	-0.000514	-0.033521	-0.000293	-0.000094	-0.097403	0.000229	-0.093525	-0.004907	0.040004	-0.012239	-0.513337	0.160867	-0.353782	
0.446047	-0.354359	-0.475129	-0.349813	-0.218633	0.268320	-0.170811	0.113341	-0.019057	0.002569	0.007822	0.230534	-0.001031	-0.035216	-0.002774	0.042127	-0.195110	-0.095496	-0.157396	-0.099826	0.164345	
-0.000139	-0.000100	0.000517	0.000455	0.008021	-0.013834	0.004821	-0.018614	-0.464917	0.004654	0.609166	-0.044834	-0.008331	-0.400839	-0.154606	-0.317669	-0.220735	-0.068792	0.109117	0.242110	-0.023942	
-0.278318	0.219823	0.281875	0.204845	-0.146804	0.392969	-0.406363	0.380181	-0.040704	0.008647	0.010378	0.431490	-0.003058	-0.049985	-0.033547	0.045892	-0.129781	0.050191	-0.230928	-0.007527	-0.025460	
0.442918	-0.350017	0.479625	0.350975	0.218830	-0.268768	0.171060	0.113564	-0.003712	-0.002324	0.012963	0.231712	0.000695	-0.021965	-0.002343	0.053505	-0.193935	-0.095396	-0.157551	-0.099929	0.164494	
-0.014620	0.011764	-0.015460	-0.011241	0.000852	-0.005209	-0.000645	0.015446	0.471959	-0.008116	0.604443	0.035587	-0.007742	0.401655	-0.153121	0.363776	-0.150412	-0.062771	0.099854	0.235925	-0.015018	
0.276634	-0.217347	0.284841	0.205701	-0.146970	0.393093	-0.407077	-0.379390	0.041374	0.007655	0.009246	-0.431289	-0.002926	0.050239	-0.033488	-0.047632	0.144242	-0.060768	-0.061267	0.104302	-0.184651	
0.347570	0.439682	-0.345497	0.485482	-0.217882	-0.268868	-0.176052	-0.114010	0.008976	0.015214	0.000055	0.233273	0.001252	0.054048	0.002746	-0.111755	0.173584	-0.241334	0.065590	0.047144	-0.044857	
-0.023077	-0.028895	0.023252	-0.031746	-0.019041	-0.023967	-0.006115	0.020019	0.533493	0.604264	0.085399	0.020623	0.058484	-0.324912	0.123433	-0.360760	0.137486	0.079180	-0.117630	0.091978	0.190789	
0.218319	0.274465	-0.206603	0.286533	0.143772	0.386579	0.412237	0.381657	0.027881	0.040571	0.007560	-0.431116	-0.015179	-0.035287	-0.026450	0.044398	-0.118251	0.054663	-0.237782	-0.012066	-0.018967	
0.353308	0.449699	0.338970	-0.478939	0.217025	0.267673	0.175471	-0.115313	-0.008533	0.004926	0.003665	0.232789	0.000873	0.064796	0.001514	-0.100463	0.174754	-0.241236	0.065439	0.047043	-0.044711	
0.011720	0.014622	0.011552	-0.015395	-0.026341	-0.032659	-0.012122	-0.015829	-0.516915	0.617127	0.091460	-0.028622	0.059669	0.323658	0.124556	0.319857	0.207727	0.085195	-0.126885	0.085799	0.199706	
-0.221405	-0.280035	-0.202181	0.281978	0.143466	0.385940	0.411227	-0.382882	-0.026732	0.041350	0.009397	0.431571	-0.015044	0.035524	-0.026371	-0.049015	0.155465	-0.056149	-0.068345	0.099615	-0.177947	
0.000417	0.000895	0.000059	-0.000013	-0.000762	0.000055	0.000583	0.002404	0.050080	-0.003146	-0.000586	-0.006691	0.013609	-0.645938	-0.005494	0.669162	0.262368	-0.237515	0.059684	0.043159	-0.039047	
0.000006	0.000031	0.005424	-0.000818	-0.045367	-0.000087	0.037552	-0.000078	-0.002981	-0.198327	0.003741	0.000122	0.884657	0.009707	-0.265818	-0.034062	0.178931	0.085229	-0.126918	0.085804	0.199658	
0.000001	0.000018	0.001763	-0.000013	-0.015272	0.002092	0.014393	-0.000021	-0.000166	-0.030117	0.023271	-0.000053	0.360052	-0.001943	0.810677	0.037066	-0.292960	-0.125302	0.037813	0.170166	-0.279247	

step=2

-0.258337	0.200319	-0.001282	-0.000337	-0.000297	0.000014	-0.000256	-0.427534	0.023271	0.002018	-0.008278	-0.134551	-0.000229	-0.014258	-0.004383	0.524887	-0.007056	0.551849	-0.291617	0.022889	0.160461	
0.004288	-0.003310	0.004627	0.002942	-0.009701	0.005173	0.012136	0.006908	-0.001191	0.130211	-0.491744	0.002897	-0.014526	0.001045	-0.239112	0.011167	0.517533	-0.029527	0.004249	0.643895	0.002271	
0.000448	-0.001001	-0.202169	-0.111415	0.601995	-0.221662	-0.328506	0.000240	0.000059	0.013298	-0.017590	-0.000076	0.008926	0.000169	-0.106812	-0.001819	-0.045115	0.329846	0.513427	0.012149	-0.201738	
-0.202278	-0.256389	0.001841	-0.001916	0.000731	0.000455	0.000171	0.427494	-0.032031	-0.007019	0.001450	-0.132473	-0.004321	0.184735	0.006095	-0.479501	0.021737	0.560683	-0.320466	0.018691	0.099862	
0.003269	0.004082	-0.012448	0.014862	0.034923	0.017471	-0.019387	-0.007211	-0.005061	-0.429357	0.092723	0.001993	-0.275733	-0.003765	0.329442	-0.009340	-0.453053	-0.018264	-0.032530	0.638542	-0.074986	
0.000945	0.001916	0.153363	-0.171859	-0.595394	-0.230639	0.320854	-0.000112	-0.000555	-0.034455	0.000101	-0.000101	-0.098946	0.000207	-0.095427	-0.002179	-0.054372	0.329955	0.513071	0.012097	-0.202485	
0.447749	-0.352250	-0.478214	-0.345649	-0.219271	0.268404	-0.169710	0.113277	-0.019836	0.002824	0.007605	0.230454	-0.000980	-0.035286	-0.003045	0.275490	-0.005394	0.159103	-0.081820	0.007025	0.052155	
-0.000169	-0.000108	0.000544	0.000465	0.008067	-0.013796	0.004187	-0.019145	-0.462712	0.015243	0.608777	-0.046551	-0.005671	-0.402024	-0.154823	-0.036399	0.301731	0.034333	-0.138832	0.166219	-0.293554	
-0.279334	0.218462	0.283657	0.202366	-0.148779	0.393229	-0.405380	0.380088	-0.042636	0.009046	0.009762	0.431421	-0.001670	-0.050140	-0.033909	0.200869	-0.018566	0.094238	0.153208	0.004163	-0.049189	
0.444591	-0.347918	0.482732	0.346776	0.219468	-0.268851	0.169945	0.113512	-0.004563	-0.002292	0.013150	0.231687	0.000741	-0.021997	-0.002532	0.276897	-0.006472	0.157626	-0.076994	0.007727	0.062293	
-0.014645	0.011701	-0.015534	-0.011089	0.000885	-0.005135	-0.001224	0.015969	0.469818	0.001419	0.604273	0.037365	-0.005163	0.402752	-0.153535	0.047889	0.237172	-0.054205	0.150298	0.208296	0.313783	
0.277633	-0.215991	0.286635	0.203197	-0.148944	0.393358	-0.406106	-0.379286	0.043320	0.008127	0.008662	-0.431210	-0.001552	0.050378	-0.033530	-0.201674	-0.001115	0.096867	0.144626	0.002914	-0.067218	
0.345427	0.441271	-0.341301	0.488495	-0.218522	-0.268817	-0.175342	-0.113908	0.009248	0.015701	-0.000324	0.233254	0.001363	0.053442	0.003047	-0.265421	0.011940	0.166447	-0.105801	0.003535	0.001782	
-0.023866	-0.030183	0.023916	-0.033224	-0.020202	-0.025154	-0.006134	0.022039	0.535548	0.604742	0.075076	0.021866	0.061846	-0.320734	0.121622	-0.047321	-0.218637	0.040273	-0.158228	0.163396	-0.334298	
0.216897	0.275336	-0.204082	0.288283	0.145587	0.386189	0.411799	0.381902	0.028901	0.042580	0.007266	-0.431015	-0.014540	-0.034808	-0.027226	0.199983	-0.035004	0.094433	0.152571	0.004071	-0.050527	
0.351225	0.451461	0.334791	-0.481833	0.217628	0.267585	0.174759	-0.115279	-0.008364	0.004419	0.003677	0.232728	0.000851	0.064060	0.001569	-0.264030	0.010870	0.164981	-0.101013	0.004232	0.011840	
0.012600	0.015895	0.012341	-0.016754	-0.027538	-0.033890	-0.012160	-0.017705	-0.517683	0.618874	0.080948	-0.029643	0.062928	0.319619	0.122564	0.036848	-0.283131	-0.048155	0.130541	0.205421	0.272282	
-0.220003	-0.280984	-0.199659	0.283627	0.145278	0.385550	0.410784	-0.383120	-0.027670	0.043419	0.009057	0.431477	-0.014421	0.035063	-0.026821	-0.202058	-0.017612	0.097059	0.143998	0.002823	-0.068537	
0.000415	0.000915	0.000065	-0.000013	-0.000803	0.000062	0.000640	0.002536	0.053743	-0.003395	-0.000548	-0.006722	0.013725	-0.648471	-0.004947	-0.179548	-0.061600	0.065384	0.224230	0.051565	0.695035	
0.000006	0.000033	0.005719	-0.000833	-0.048247	-0.000158	0.040352	-0.000111	-0.003398	-0.208041	0.007799	0.000089	0.887634	0.009773	-0.247521	-0.007322	-0.259631	-0.002190	-0.019560	0.183577	-0.043016	
0.000001	0.000018	0.001860	-0.000001	-0.015919	0.002389	0.015311	-0.000026	-0.000204	-0.030167	0.025602	-0.000062	0.342807	-0.001789	0.819336	0.016673	0.415589	0.090549	0.165256	0.005917	-0.023883	

step=3

-0.259387	0.198999	-0.001279	-0.000324	-0.000290	0.000011	-0.000246	-0.427335	0.024902	0.001908	-0.008316	-0.134534	-0.000141	-0.014055	-0.003897	-0.378920	0.412342	0.581920	-0.195969	-0.006987	0.028389	
0.004305	-0.003289	0.004599	0.002893	-0.009310	0.005118	0.012455	0.006924	-0.001120	0.122489	-0.493896	0.002896	-0.008909	0.001044	-0.237273	0.305122	0.235174	-0.011930	-0.095096	0.610934	0.391750	
0.000451	-0.000992	-0.202920	-0.109537	0.600431	-0.221366	-0.331514	0.000244	0.000077	0.012774	-0.018092	-0.000076	0.013992	0.000148	-0.106859	-0.026075	-0.082251	0.238630	0.578928	0.121332	-0.032064	
-0.200944	-0.257470	0.001817	-0.001933	0.000749	0.000465	0.000152	0.427237	-0.034416	-0.006893	0.001575	-0.132431	-0.004486	0.185692	0.005592	0.273107	-0.346464	0.615714	-0.270067	-0.077409	0.069492	
0.003242	0.004089	-0.012911	0.015738	0.036103	0.018226	-0.020216	-0.007252	-0.005347	-0.423843	0.098959	0.001934	-0.285183	-0.003779	0.325027	-0.266171	-0.200554	-0.049928	0.044787	0.049307	0.709231	
0.000941	0.001924	0.151355	-0.173214	-0.593534	-0.230949	0.323231	-0.000116	-0.000593	-0.035366	0.000395	-0.000100	-0.101170	0.000188	-0.096882	-0.030797	-0.086040	0.238315	0.580097	0.116583	-0.029379	
0.449588	-0.349917	-0.481564	-0.341066	-0.219947	0.268500	-0.168530	0.113206	-0.020670	0.003059	0.007389	0.230362	-0.000950	-0.035328	-0.002849	-0.190673	0.211755	0.164660	-0.048185	0.007684	0.002583	
-0.000195	-0.000117	0.000571	0.000473	0.008110	-0.013758	0.003545	-0.019717	-0.460357	0.023796	0.608253	-0.048378	-0.003803	-0.403324	-0.155156	0.035596	-0.084055	0.034275	-0.140794	0.443961	-0.036691	
-0.280433	0.216960	0.285592	0.199638	-0.150885	0.393523	-0.404321	0.379979	-0.044710	0.009397	0.009162	0.431328	-0.000412	-0.050288	-0.033902	-0.139555	0.126807	0.062647	0.181849	0.050961	-0.018477	
0.446418	-0.345625	0.486067	0.342145	0.220146	-0.268939	0.168740	0.113468	-0.005473	-0.002288	0.013343	0.231664	0.000773	-0.021994	-0.002257	-0.186564	0.218628	0.163556	-0.044979	0.001080	0.006295	
-0.014680	0.011635	-0.015621	-0.010928	0.000912	-0.005063	-0.001815	0.016536	0.467512	0.009119	0.603970	0.039258	-0.003350	0.404039	-0.153894	0.281766	0.327492	-0.031828	0.051224	0.048392	0.185599	
0.278726	-0.214514	0.288564	0.200439	-0.151050	0.393640	-0.405033	-0.379188	0.045405	0.008524	0.008082	-0.431123	-0.000302	0.050511	-0.033879	0.128172	-0.171495	0.075914	0.152778	0.023110	-0.002225	
0.343100	0.443043	-0.336647	0.491714	-0.219204	-0.268759	-0.174586	-0.113798	0.009506	0.016211	-0.000674	0.233233	0.001532	0.052785	0.002903	0.150978	-0.207869	0.184855	-0.093952	-0.017574	0.017596	
-0.024672	-0.031546	0.024568	-0.034791	-0.021412	-0.026388	-0.006161	0.024148	0.537567	0.604821	0.066687	0.023207	0.066033	-0.316405	0.119489	-0.270279	-0.317089	0.013836	-0.065612	0.142537	0.133699	
0.215354	0.276312	-0.201287	0.290149	0.147522	0.385761	0.411327	0.382167	0.029999	0.044653	0.007055	-0.430904	-0.014061	-0.034284	-0.027600	-0.149023	0.118909	0.062012	0.184215	0.041266	-0.012996	
0.348909	0.453329	0.330221	-0.484992	0.218272	0.267489	0.174002	-0.115239	-0.008209	0.003883	0.003718	0.232662	0.000817	0.063265	0.001174	0.155056	-0.201059	0.183761	-0.090773	-0.024123	0.021277	
0.013502	0.017233	0.013132	-0.018195	-0.028786	-0.035164	-0.012197	-0.019691	-0.518607	0.620068	0.072373	-0.030803	0.067056	0.315326	0.120412	-0.024418	0.093936	-0.052183	0.126165	-0.252537	0.355711	
-0.218451	-0.281991	-0.196904	0.285430	0.147211	0.385122	0.410309	-0.383371	-0.028681	0.045557	0.008795	0.431374	-0.013938	0.034548	-0.027548	0.118340	-0.179037	0.075260	0.155187	0.013424	0.003250	
0.000413	0.000931	0.000069	-0.000013	-0.000849	0.000068	0.000699	0.002700	0.057673	-0.003660	-0.000516	-0.006728	0.013794	-0.650981	-0.004820	0.436320	0.252296	0.110143	0.123295	-0.467141	0.270245	
0.000005	0.000034	0.006030	-0.000845	-0.051276	-0.000180	0.043409	-0.000143	-0.003800	-0.217946	0.011490	0.000050	0.888864	0.009803	-0.233657	-0.157068	-0.123081	-0.018307	0.028025	-0.052846	0.243512	
0.000000	0.000019	0.001964	0.000011	-0.016596	0.002722	0.016303	-0.000027	-0.000234	-0.030177	0.027970	-0.000068	0.329531	-0.001644	0.825963	0.238308	0.172613	0.085573	0.106979	0.281888	-0.148772	

step=4

-0.260520	0.197554	-0.001287	-0.000317	-0.000279	0.000013	-0.000240	-0.427073	0.026615	0.001791	-0.008345	-0.134511	-0.000052	-0.012558	-0.003111	0.513577	-0.110271	0.128525	-0.138913	0.574925	0.222241	
0.004324	-0.003267	0.004575	0.002842	-0.008907	0.005062	0.012778	0.006943	-0.001083	0.116021	-0.495640	0.002891	-0.004052	0.001156	-0.235214	0.054514	0.401894	0.001151	0.619015	0.035187	0.369110	
0.000462	-0.000987	-0.203723	-0.107485	0.598729	-0.221057	-0.334704	0.000245	0.000088	0.012199	-0.018562	-0.000074	0.018989	0.000117	-0.106846	-0.005297	-0.034914	0.626838	-0.008670	-0.145101	0.000978	
-0.199488	-0.258627	0.001780	-0.001936	0.000763	0.000470	0.000132	0.426916	-0.036924	-0.006747	0.001677	-0.132395	-0.004644	0.185601	0.004877	-0.420833	0.195719	0.113898	-0.309682	0.479107	0.322168	
0.003214	0.004100	-0.013375	0.016665	0.037361	0.019000	-0.021129	-0.007288	-0.005493	-0.418331	0.103965	0.001894	-0.293627	-0.003881	0.321325	-0.048398	-0.353674	-0.039537	0.144010	-0.231335	0.647063	
0.000929	0.001920	0.149163	-0.174665	-0.591517	-0.231275	0.325752	-0.000124	-0.000621	-0.036241	0.000591	-0.000100	-0.103954	0.000160	-0.098072	-0.006165	-0.040392	0.626539	-0.012160	-0.147059	0.003020	
0.451588	-0.347393	-0.485139	-0.336025	-0.220663	0.268597	-0.167274	0.113153	-0.021579	0.003268	0.007175	0.230263	-0.000925	-0.034718	-0.002505	0.263985	-0.068613	0.038964	-0.020217	0.177859	0.052680	
-0.000217	-0.000129	0.000594	0.000477	0.008149	-0.013722	0.002894	-0.020325	-0.457840	0.030520	0.607664	-0.050328	-0.002414	-0.404544	-0.155473	0.092247	0.419916	-0.012480	0.029801	-0.073737	0.194504	
-0.281631	0.215335	0.287657	0.196638	-0.153133	0.393822	-0.403183	0.379873	-0.046950	0.009698	0.008578	0.431223	0.000794	-0.049991	-0.033776	0.186463	-0.070028	0.184465	0.030237	-0.023675	-0.018880	
0.448366	-0.343112	0.489664	0.337087	0.220865	-0.269029	0.167454	0.113442	-0.006460	-0.002317	0.013543	0.231633	0.000808	-0.021337	-0.001837	0.261859	-0.075643	0.039559	-0.013273	0.181756	0.048616	
-0.014727	0.011564	-0.015719	-0.010758	0.000934	-0.004992	-0.002416	0.017136	0.465011	0.015339	0.603599	0.041269	-0.002020	0.405364	-0.154371	-0.035293	-0.001108	0.023145	0.445704	0.159623	-0.048864	
0.279893	-0.212894	0.290643	0.197424	-0.153297	0.393934	-0.403882	-0.379091	0.047647	0.008861	0.007509	-0.431018	0.000886	0.050194	-0.034317	-0.188750	0.054785	0.179127	-0.032084	-0.058643	0.017587	
0.340583	0.444984	-0.331530	0.495138	-0.219934	-0.268700	-0.173760	-0.113704	0.009756	0.016757	-0.000995	0.233215	0.001736	0.051534	0.002634	-0.232226	0.109508	0.029926	-0.125726	0.118659	0.114419	
-0.025491	-0.032986	0.025204	-0.036452	-0.022681	-0.027671	-0.006192	0.026360	0.539455	0.604686	0.059963	0.024660	0.070835	-0.311738	0.117251	0.036834	0.014638	-0.034234	-0.224165	-0.216236	0.343114	
0.213687	0.277379	-0.198213	0.292130	0.149587	0.385308	0.410789	0.382476	0.031166	0.046797	0.006918	-0.430785	-0.013675	-0.033272	-0.027844	0.184136	-0.083040	0.183747	0.021858	-0.028376	-0.013977	
0.346367	0.455314	0.325229	-0.488410	0.218960	0.267392	0.173186	-0.115206	-0.008059	0.003328	0.003783	0.232588	0.000765	0.061862	0.000646	-0.234326	0.102545	0.030515	-0.118845	0.122520	0.110392	
0.014420	0.018641	0.013925	-0.019721	-0.030090	-0.036480	-0.012225	-0.021812	-0.519790	0.620725	0.065462	-0.032120	0.071818	0.310536	0.118014	-0.090144	-0.405838	0.001345	0.191199	0.016822	0.100061	
-0.216750	-0.283056	-0.193897	0.287376	0.149278	0.384679	0.409789	-0.383652	-0.029769	0.047775	0.008603	0.431252	-0.013545	0.033527	-0.028358	-0.190531	0.041563	0.178414	-0.040408	-0.063313	0.022458	
0.000407	0.000948	0.000076	-0.000015	-0.000896	0.000074	0.000767	0.002857	0.061916	-0.003935	-0.000494	-0.006708	0.013817	-0.654445	-0.005034	-0.379318	-0.362646	0.069972	0.341786	0.380977	-0.159149	
0.000005	0.000036	0.006362	-0.000857	-0.054495	-0.000162	0.046753	-0.000169	-0.004145	-0.228116	0.014833	0.000008	0.888955	0.009784	-0.222555	-0.024750	-0.193998	-0.017416	-0.027821	-0.106069	0.228222	
0.000000	0.000019	0.002076	0.000024	-0.017319	0.003084	0.017379	-0.000023	-0.000252	-0.030172	0.030402	-0.000071	0.318722	-0.001411	0.831390	0.048231	0.316571	0.199461	0.205304	0.074554	-0.121322	

step=5

-0.261769	0.195943	-0.001293	-0.000315	-0.000276	0.000017	-0.000223	-0.426888	0.028490	0.001716	-0.008392	-0.134485	0.000017	-0.013674	-0.004136	0.525358	-0.002895	0.555635	-0.315837	-0.054697	0.064711	
0.004346	-0.003241	0.004557	0.002787	-0.008489	0.005006	0.013106	0.006947	-0.001075	0.110625	-0.497075	0.002872	0.000300	0.000966	-0.233010	0.002822	0.522255	0.048471	-0.056409	0.614327	-0.174105	
0.000476	-0.000978	-0.204604	-0.105196	0.596872	-0.220732	-0.338091	0.000244	0.000091	0.011564	-0.019007	-0.000072	0.024048	0.000126	-0.106775	-0.001056	-0.045550	-0.321855	-0.554148	-0.011512	0.049319	
-0.197858	-0.259913	0.001719	-0.001910	0.000785	0.000474	0.000101	0.426643	-0.039627	-0.006624	0.001781	-0.132370	-0.004783	0.187640	0.005741	-0.479325	0.003459	0.562092	-0.324936	-0.074607	0.000159	
0.003185	0.004114	-0.013833	0.017651	0.038704	0.019794	-0.022132	-0.007305	-0.005497	-0.412859	0.107948	0.001874	-0.301381	-0.003717	0.318110	-0.002106	-0.457842	0.048655	-0.056668	0.613760	-0.175943	
0.000904	0.001895	0.146725	-0.176251	-0.589326	-0.231618	0.328425	-0.000133	-0.000639	-0.037087	0.000692	-0.000098	-0.107222	0.000175	-0.099092	-0.001201	-0.051563	-0.321853	-0.554150	-0.011518	0.049301	
0.453802	-0.344556	-0.489050	-0.330377	-0.221424	0.268694	-0.165921	0.113048	-0.022535	0.003473	0.006948	0.230157	-0.000915	-0.035464	-0.003106	0.275540	-0.001609	0.160358	-0.090591	-0.013795	0.025421	
-0.000235	-0.000141	0.000617	0.000477	0.008188	-0.013685	0.002240	-0.021002	-0.455137	0.035666	0.607047	-0.052419	-0.001339	-0.406437	-0.155982	-0.038923	0.273725	0.046639	-0.062278	0.077532	-0.376290	
-0.282957	0.213519	0.289917	0.193278	-0.155532	0.394127	-0.401946	0.379720	-0.049351	0.009961	0.007998	0.431105	0.001975	-0.050664	-0.034321	0.201033	-0.014482	-0.094370	-0.159050	0.000042	0.025244	
0.450520	-0.340294	0.493590	0.331428	0.221626	-0.269128	0.166089	0.113355	-0.007495	-0.002354	0.013735	0.231597	0.000836	-0.022016	-0.002356	0.276889	-0.001675	0.159269	-0.089056	-0.010436	0.036310	
-0.014785	0.011487	-0.015834	-0.010572	0.000950	-0.004922	-0.003026	0.017787	0.462284	0.020334	0.603200	0.043415	-0.001009	0.407047	-0.154845	0.041741	0.269827	-0.018577	0.029628	0.278633	0.275694	
0.281184	-0.211090	0.292914	0.194057	-0.155696	0.394249	-0.402648	-0.378932	0.050038	0.009134	0.006956	-0.430896	0.002057	0.050865	-0.034065	-0.201501	-0.005399	-0.092181	-0.162135	-0.006708	0.003361	
0.337795	0.447180	-0.325767	0.498835	-0.220710	-0.268635	-0.172872	-0.113561	0.009957	0.017321	-0.001280	0.233197	0.001971	0.051448	0.003233	-0.265378	0.001932	0.166162	-0.098770	-0.031693	-0.032607	
-0.026317	-0.034512	0.025806	-0.038215	-0.024012	-0.029000	-0.006218	0.028678	0.541209	0.604432	0.054657	0.026250	0.076024	-0.307014	0.114814	-0.041480	-0.251121	0.046657	-0.062303	0.077478	-0.376465	
0.211845	0.278599	-0.194754	0.294264	0.151794	0.384821	0.410196	0.382781	0.032428	0.049034	0.006840	-0.430650	-0.013349	-0.033163	-0.028760	0.200384	-0.031853	-0.094363	-0.159059	0.000021	0.025178	
0.343484	0.457450	0.319676	-0.492193	0.219699	0.267295	0.172297	-0.115123	-0.007956	0.002732	0.003877	0.232505	0.000710	0.061628	0.000978	-0.264046	0.001866	0.165083	-0.097250	-0.028366	-0.021820	
0.015349	0.020118	0.014704	-0.021340	-0.031461	-0.037841	-0.012242	-0.024045	-0.521258	0.620910	0.059973	-0.033594	0.076981	0.305951	0.115599	0.039079	-0.255031	-0.018474	0.029482	0.278315	0.274665	
-0.214834	-0.284210	-0.190556	0.289532	0.151493	0.384219	0.409206	-0.383922	-0.030972	0.050053	0.008480	0.431109	-0.013196	0.033444	-0.028485	-0.201624	-0.022826	-0.092177	-0.162140	-0.006720	0.003323	
0.000398	0.000957	0.000082	-0.000014	-0.000948	0.000078	0.000828	0.003127	0.066458	-0.004238	-0.000465	-0.006643	0.013847	-0.655886	-0.004288	-0.181849	-0.002459	0.093172	0.004091	0.193380	0.697096	
0.000004	0.000036	0.006716	-0.000875	-0.057926	-0.000128	0.050391	-0.000182	-0.004424	-0.238449	0.017851	-0.000030	0.888260	0.009946	-0.213232	-0.002887	-0.259665	0.015271	-0.018073	0.174258	-0.062697	
-0.000000	0.000019	0.002198	0.000036	-0.018096	0.003473	0.018546	-0.000031	-0.000253	-0.030111	0.032923	-0.000082	0.309515	-0.001518	0.836002	0.009499	0.409661	-0.093400	-0.160417	-0.002949	0.015547	

step=6

-0.263116	0.194176	-0.001287	-0.000305	-0.000261	0.000024	-0.000198	-0.426632	0.030468	0.001640	-0.008422	-0.134447	0.000084	-0.013500	-0.003782	-0.406057	0.352730	-0.000805	0.613449	0.160382	0.020766	
0.004371	-0.003214	0.004543	0.002728	-0.008059	0.004948	0.013434	0.006963	-0.001106	0.106139	-0.498276	0.002861	0.004222	0.000968	-0.230659	0.284211	0.306015	-0.052844	0.119707	-0.331586	-0.620770	
0.000487	-0.000962	-0.205557	-0.102661	0.594851	-0.220387	-0.341677	0.000237	0.000087	0.010869	-0.019428	-0.000070	0.029202	0.000113	-0.106658	-0.024233	-0.012479	0.643030	-0.006229	-0.005116	-0.031991	
-0.196076	-0.261292	0.001644	-0.001875	0.000798	0.000473	0.000061	0.426293	-0.042483	-0.006488	0.001859	-0.132361	-0.004920	0.188620	0.005400	0.304804	-0.358975	0.013176	0.646225	0.129273	0.016903	
0.003154	0.004132	-0.014280	0.018700	0.040138	0.020618	-0.023223	-0.007321	-0.005345	-0.407502	0.111090	0.001851	-0.308480	-0.003717	0.315277	-0.248476	-0.257241	-0.013187	-0.057373	0.241835	-0.658728	
0.000873	0.001860	0.144029	-0.177964	-0.586942	-0.231979	0.331263	-0.000136	-0.000640	-0.037929	0.000699	-0.000092	-0.110929	0.000163	-0.099988	-0.026806	-0.015331	0.643228	-0.007103	-0.002280	-0.032179	
0.456173	-0.341441	-0.493306	-0.324103	-0.222232	0.268793	-0.164488	0.112953	-0.023578	0.003656	0.006730	0.230036	-0.000911	-0.035562	-0.002992	-0.205314	0.189030	-0.001976	0.174047	0.049490	0.006535	
-0.000250	-0.000157	0.000638	0.000474	0.008221	-0.013651	0.001586	-0.021722	-0.452222	0.039424	0.606433	-0.054635	-0.000502	-0.408261	-0.156582	0.036024	-0.027678	-0.028467	0.149670	-0.424090	-0.161688	
-0.284377	0.211526	0.292376	0.189548	-0.158098	0.394441	-0.400638	0.379551	-0.051946	0.010174	0.007437	0.430964	0.003146	-0.050898	-0.034341	-0.150148	0.138182	0.183508	-0.007921	0.003494	-0.008430	
0.452856	-0.337235	0.497822	0.325126	0.222436	-0.269217	0.164627	0.113296	-0.008614	-0.002421	0.013941	0.231558	0.000868	-0.022044	-0.002159	-0.201580	0.195230	-0.001699	0.170932	0.058098	0.006082	
-0.014858	0.011407	-0.015964	-0.010371	0.000957	-0.004852	-0.003644	0.018486	0.459317	0.024325	0.602785	0.045696	-0.000261	0.408856	-0.155440	0.259473	0.343288	-0.011904	-0.036759	0.090967	-0.188786	
0.282584	-0.209130	0.295359	0.190304	-0.158260	0.394558	-0.401309	-0.378790	0.052607	0.009372	0.006407	-0.430763	0.003211	0.051090	-0.034330	0.139570	-0.141587	0.188931	0.005486	-0.010273	-0.009859	
0.334760	0.449570	-0.319347	0.502821	-0.221536	-0.268575	-0.171900	-0.113437	0.010139	0.017919	-0.001548	0.233179	0.002213	0.050776	0.003165	0.166645	-0.206153	0.004873	0.198735	0.013106	0.005505	
-0.027147	-0.036123	0.026365	-0.040087	-0.025409	-0.030373	-0.006236	0.031107	0.542810	0.604152	0.050556	0.027994	0.081371	-0.301936	0.112285	-0.248831	-0.328703	-0.007218	0.054638	-0.116473	-0.182042	
0.209842	0.279924	-0.190901	0.296561	0.154145	0.384318	0.409518	0.383144	0.033759	0.051358	0.006824	-0.430500	-0.013052	-0.032571	-0.029165	-0.159338	0.127634	0.184231	-0.011092	0.013806	-0.009116	
0.340323	0.459729	0.313511	-0.496306	0.220482	0.267203	0.171338	-0.115049	-0.007872	0.002108	0.003977	0.232413	0.000648	0.060794	0.000637	0.170343	-0.200018	0.005147	0.195650	0.021627	0.005057	
0.016285	0.021669	0.015463	-0.023056	-0.032896	-0.039250	-0.012235	-0.026439	-0.523029	0.620683	0.055710	-0.035240	0.082288	0.300793	0.113063	-0.025679	0.041765	0.009324	-0.131541	0.397897	-0.209104	
-0.212739	-0.285438	-0.186853	0.291875	0.153854	0.383745	0.408567	-0.384223	-0.032268	0.052385	0.008406	0.430943	-0.012878	0.032848	-0.029141	0.129962	-0.151794	0.189648	0.002286	0.000091	-0.010545	
0.000386	0.000967	0.000088	-0.000016	-0.001003	0.000083	0.000897	0.003405	0.071383	-0.004532	-0.000451	-0.006533	0.013869	-0.658236	-0.004237	0.419290	0.202503	0.023379	-0.008477	0.585921	-0.024663	
0.000002	0.000037	0.007096	-0.000901	-0.061565	-0.000094	0.054305	-0.000194	-0.004616	-0.248695	0.020545	-0.000074	0.886983	0.010033	-0.205310	-0.144294	-0.153318	0.000981	-0.036111	0.134722	-0.195302	
-0.000001	0.000020	0.002330	0.000044	-0.018931	0.003880	0.019797	-0.000028	-0.000241	-0.029915	0.035553	-0.000086	0.301583	-0.001422	0.840034	0.216070	0.242418	0.169281	0.073759	-0.246698	0.007003	

step=7

-0.264570	0.192234	-0.001289	-0.000302	-0.000248	0.000035	-0.000178	-0.426318	0.032540	0.001568	-0.008446	-0.134390	0.000160	-0.012624	-0.003345	0.509709	0.137436	0.638707	-0.042374	0.023365	0.054377	
0.004399	-0.003187	0.004536	0.002665	-0.007616	0.004888	0.013760	0.006984	-0.001175	0.102370	-0.499312	0.002846	0.007695	0.001042	-0.228105	0.080714	-0.308198	-0.054790	0.068910	-0.082559	0.756083	
0.000504	-0.000945	-0.206582	-0.099858	0.592657	-0.220000	-0.345480	0.000224	0.000077	0.010115	-0.019834	-0.000069	0.034431	0.000093	-0.106511	-0.007670	0.026720	0.047396	0.637614	0.023712	-0.072069	
-0.194122	-0.262773	0.001550	-0.001812	0.000813	0.000468	0.000020	0.425880	-0.045479	-0.006366	0.001922	-0.132378	-0.005055	0.189015	0.005021	-0.417151	-0.243528	0.646680	-0.041475	-0.055965	-0.010251	
0.003124	0.004156	-0.014710	0.019813	0.041656	0.021470	-0.024388	-0.007343	-0.005034	-0.402322	0.113598	0.001845	-0.314836	-0.003772	0.312785	-0.071421	0.272522	0.005761	0.075739	-0.685008	0.265289	
0.000830	0.001804	0.141050	-0.179811	-0.584350	-0.232380	0.334266	-0.000143	-0.000629	-0.038791	0.000621	-0.000085	-0.115043	0.000143	-0.100758	-0.008295	0.028868	0.047623	0.637640	0.021452	-0.073910	
0.458745	-0.338041	-0.497884	-0.317118	-0.223093	0.268888	-0.162954	0.112870	-0.024714	0.003814	0.006516	0.229908	-0.000910	-0.035323	-0.002845	0.261579	0.085932	0.184160	-0.012386	0.016111	0.023368	
-0.000263	-0.000172	0.000658	0.000470	0.008248	-0.013617	0.000924	-0.022476	-0.449077	0.042033	0.605821	-0.057005	0.000102	-0.410171	-0.157204	0.109713	-0.431080	-0.006737	0.021001	-0.114874	0.145023	
-0.285918	0.209350	0.295020	0.185396	-0.160842	0.394766	-0.399216	0.379378	-0.054739	0.010329	0.006888	0.430806	0.004293	-0.050919	-0.034341	0.183768	0.083108	0.012201	0.184609	0.022144	-0.008444	
0.455361	-0.333874	0.502400	0.318136	0.223301	-0.269308	0.163060	0.113243	-0.009834	-0.002503	0.014157	0.231515	0.000909	-0.021723	-0.001926	0.259317	0.094979	0.183606	-0.012448	0.021626	0.027860	
-0.014944	0.011320	-0.016111	-0.010155	0.000955	-0.004782	-0.004260	0.019220	0.456069	0.027557	0.602364	0.048126	0.000254	0.410821	-0.156194	-0.025557	0.109805	-0.039871	0.017265	0.214789	0.413588	
0.284086	-0.206978	0.298004	0.186145	-0.161003	0.394891	-0.399856	-0.378635	0.055378	0.009569	0.005864	-0.430607	0.004334	0.051092	-0.034623	-0.187100	-0.071448	0.014866	0.184910	-0.004376	-0.030049	
0.331458	0.452194	-0.312195	0.507077	-0.222409	-0.268516	-0.170853	-0.113324	0.010286	0.018564	-0.001799	0.233161	0.002449	0.049790	0.003075	-0.228800	-0.139924	0.189775	-0.011753	-0.039753	-0.022143	
-0.027974	-0.037821	0.026866	-0.042068	-0.026871	-0.031786	-0.006243	0.033656	0.544253	0.603927	0.047422	0.029908	0.086671	-0.296482	0.109660	0.028071	-0.119615	0.025616	0.024650	-0.436774	-0.117218	
0.207667	0.281381	-0.186614	0.299012	0.156638	0.383776	0.408771	0.383556	0.035180	0.053739	0.006855	-0.430328	-0.012775	-0.031699	-0.029561	0.180455	0.093517	0.013314	0.184735	0.011065	-0.017469	
0.336836	0.462147	0.306681	-0.500782	0.221311	0.267114	0.170314	-0.114980	-0.007824	0.001475	0.004087	0.232307	0.000577	0.059635	0.000263	-0.231029	-0.130978	0.189227	-0.011815	-0.034299	-0.017700	
0.017220	0.023291	0.016191	-0.024870	-0.034404	-0.040689	-0.012222	-0.028952	-0.525114	0.620105	0.052418	-0.037112	0.087549	0.295167	0.110298	-0.106807	0.420517	-0.007472	0.020918	-0.107567	0.150975	
-0.210435	-0.286737	-0.182756	0.294427	0.156364	0.383250	0.407872	-0.384557	-0.033697	0.054799	0.008373	0.430744	-0.012594	0.031959	-0.029840	-0.189910	-0.060777	0.015980	0.185036	-0.015457	-0.039076	
0.000372	0.000977	0.000097	-0.000019	-0.001059	0.000087	0.000975	0.003701	0.076733	-0.004795	-0.000449	-0.006377	0.013865	-0.661038	-0.004350	-0.380448	0.456072	0.153195	-0.015878	0.324207	0.274363	
0.000001	0.000038	0.007503	-0.000941	-0.065388	-0.000079	0.058474	-0.000209	-0.004707	-0.258601	0.022928	-0.000107	0.885251	0.010084	-0.198756	-0.037486	0.143479	0.009938	0.022882	-0.280783	0.009862	
-0.000002	0.000019	0.002475	0.000049	-0.019819	0.004306	0.021124	-0.000022	-0.000219	-0.029487	0.038317	-0.000082	0.294903	-0.001246	0.843572	0.067876	-0.236213	-0.012027	0.181877	0.263192	0.187930	

step=8

-0.266099	0.190161	-0.001297	-0.000307	-0.000237	0.000051	-0.000156	-0.426019	0.034771	0.001526	-0.008487	-0.134320	0.000213	-0.012628	-0.003514	-0.514816	0.099731	0.464837	-0.115903	0.412630	-0.131482	
0.004431	-0.003157	0.004534	0.002596	-0.007158	0.004825	0.014081	0.007001	-0.001270	0.099161	-0.500243	0.002828	0.010699	0.000906	-0.225549	-0.031090	-0.382316	-0.065963	0.174366	0.370579	0.607728	
0.000528	-0.000930	-0.207662	-0.096796	0.590279	-0.219586	-0.349486	0.000214	0.000064	0.009300	-0.020230	-0.000067	0.039715	0.000075	-0.106333	0.003401	0.033275	0.389167	0.405388	-0.300366	0.090605	
-0.192033	-0.264331	0.001436	-0.001717	0.000830	0.000458	-0.000021	0.425457	-0.048688	-0.006266	0.001992	-0.132424	-0.005155	0.190105	0.005121	0.421241	-0.192242	0.531328	-0.276230	0.261253	-0.121756	
0.003095	0.004185	-0.015116	0.020991	0.043248	0.022352	-0.025631	-0.007353	-0.004590	-0.397340	0.115648	0.001838	-0.320404	-0.003605	0.310841	0.027842	0.337499	0.127485	-0.292090	-0.069839	0.636022	
0.000774	0.001728	0.137792	-0.181767	-0.581551	-0.232804	0.337429	-0.000155	-0.000600	-0.039693	0.000463	-0.000079	-0.119537	0.000131	-0.101369	0.003587	0.035071	0.389656	0.404209	-0.301479	0.090676	
0.461464	-0.334415	-0.502737	-0.309437	-0.224001	0.268983	-0.161315	0.112763	-0.025921	0.003958	0.006299	0.229767	-0.000929	-0.035555	-0.003012	-0.264052	0.064326	0.126678	-0.014219	0.137870	-0.039279	
-0.000274	-0.000184	0.000682	0.000463	0.008268	-0.013590	0.000268	-0.023295	-0.445653	0.043718	0.605207	-0.059509	0.000462	-0.412562	-0.158065	-0.085891	-0.432256	0.030688	-0.069561	-0.005994	0.183406	
-0.287547	0.207034	0.297823	0.180831	-0.163753	0.395098	-0.397678	0.379179	-0.057723	0.010431	0.006343	0.430624	0.005396	-0.051291	-0.034557	-0.186664	0.067565	0.099650	0.149147	-0.057150	0.024337	
0.457983	-0.330270	0.507276	0.310472	0.224212	-0.269401	0.161399	0.113160	-0.011117	-0.002602	0.014375	0.231461	0.000944	-0.021852	-0.002000	-0.261719	0.072138	0.124215	-0.008280	0.143478	-0.039639	
-0.015044	0.011231	-0.016279	-0.009922	0.000939	-0.004709	-0.004878	0.020003	0.452517	0.030208	0.601932	0.050689	0.000569	0.413030	-0.157140	0.053391	0.034032	-0.116322	0.284920	0.328700	0.161904	
0.285656	-0.204675	0.300821	0.181588	-0.163914	0.395240	-0.398304	-0.378437	0.058320	0.009751	0.005337	-0.430423	0.005431	0.051444	-0.034706	0.188142	-0.053051	0.124615	0.088951	-0.113986	0.027988	
0.327953	0.455000	-0.304326	0.511550	-0.223330	-0.268457	-0.169735	-0.113184	0.010376	0.019230	-0.002027	0.233145	0.002694	0.049207	0.003251	0.230520	-0.111953	0.168583	-0.115264	0.042465	-0.033149	
-0.028798	-0.039604	0.027300	-0.044157	-0.028394	-0.033232	-0.006231	0.036323	0.545561	0.603795	0.045043	0.032028	0.091813	-0.290694	0.106887	-0.054150	-0.046615	0.133940	-0.318527	-0.241063	0.198508	
0.205361	0.282939	-0.181901	0.301584	0.159278	0.383203	0.407956	0.383982	0.036692	0.056214	0.006915	-0.430137	-0.012536	-0.031115	-0.030186	-0.185037	0.080796	0.103293	0.140362	-0.065445	0.024870	
0.333084	0.464637	0.299202	-0.505583	0.222189	0.267028	0.169213	-0.114883	-0.007841	0.000810	0.004210	0.232191	0.000513	0.058878	0.000153	0.232820	-0.104230	0.166148	-0.109392	0.048009	-0.033506	
0.018147	0.024971	0.016872	-0.026777	-0.035981	-0.042175	-0.012186	-0.031597	-0.527507	0.619236	0.049898	-0.039165	0.092684	0.289382	0.107460	0.084819	0.419008	-0.012863	0.035454	0.093158	0.177036	
-0.207962	-0.288070	-0.178277	0.297164	0.159025	0.382734	0.407105	-0.384904	-0.035258	0.057238	0.008373	0.430520	-0.012339	0.031367	-0.030336	0.189275	-0.039589	0.128235	0.080220	-0.122230	0.028518	
0.000353	0.000980	0.000103	-0.000020	-0.001116	0.000090	0.001050	0.004084	0.082524	-0.005043	-0.000445	-0.006132	0.013831	-0.663082	-0.003935	0.385320	0.398939	0.007415	0.273356	0.409393	-0.056723	
-0.000000	0.000039	0.007937	-0.000998	-0.069367	-0.000074	0.062884	-0.000220	-0.004695	-0.268056	0.025008	-0.000142	0.883145	0.010155	-0.193452	0.013040	0.180477	0.063802	-0.149407	-0.081383	0.188249	
-0.000002	0.000020	0.002632	0.000049	-0.020751	0.004753	0.022525	-0.000025	-0.000180	-0.028761	0.041239	-0.000081	0.289481	-0.001116	0.846488	-0.029830	-0.291557	0.030870	0.314995	0.099440	0.014277	

step=9

-0.269894	0.184785	-0.001296	-0.000292	-0.000216	0.000063	-0.000127	-0.425695	0.037161	0.001550	-0.008551	-0.134349	0.000246	-0.012851	-0.003581	0.302530	0.406259	0.480364	0.425653	-0.153312	0.010232	
0.004511	-0.003079	0.004591	0.002435	-0.006685	0.004758	0.014360	0.007043	-0.001415	0.096436	-0.501104	0.002822	0.013264	0.000632	-0.222686	0.427326	-0.257494	0.126808	-0.006790	0.512569	-0.402089	
0.000563	-0.000896	-0.210578	-0.089375	0.587794	-0.219348	-0.353429	0.000215	0.000064	0.008408	-0.020613	-0.000063	0.045030	-0.000032	-0.106159	-0.037784	0.021952	-0.121707	0.265571	0.371232	0.436216	
-0.186658	-0.268181	0.001248	-0.001576	0.000838	0.000452	-0.000069	0.425050	-0.052140	-0.006258	0.002058	-0.132389	-0.005185	0.191327	0.005013	-0.283520	-0.294777	0.681885	0.105284	0.007779	0.110584	
0.003038	0.004289	-0.015034	0.022497	0.044891	0.023220	-0.026932	-0.007396	-0.003882	-0.392537	0.117348	0.001838	-0.325241	-0.003119	0.309213	-0.375321	0.225319	-0.022030	0.229826	0.393591	-0.476207	
0.000677	0.001609	0.130652	-0.186419	-0.578709	-0.233059	0.340599	-0.000172	-0.000560	-0.040568	0.000207	-0.000070	-0.124360	0.000064	-0.101839	-0.038810	0.022546	-0.121890	0.265863	0.371085	0.436125	
0.468164	-0.325033	-0.513643	-0.291089	-0.224847	0.269088	-0.159724	0.112572	-0.027188	0.004072	0.006105	0.229630	-0.000973	-0.035942	-0.003110	0.159438	0.203744	0.114652	0.162399	-0.064062	-0.009265	
-0.000286	-0.000193	0.000721	0.000444	0.008297	-0.013579	-0.000363	-0.024145	-0.441881	0.044397	0.604563	-0.062170	0.000529	-0.415449	-0.158697	0.182403	0.006772	0.208328	-0.274736	0.285700	-0.031085	
-0.291637	0.201139	0.304161	0.169951	-0.166613	0.395382	-0.396188	0.378832	-0.060864	0.010428	0.005835	0.430497	0.006440	-0.051830	-0.034712	0.106317	0.146904	-0.075426	0.140800	0.075485	0.106421	
0.464557	-0.320991	0.518173	0.292071	0.225057	-0.269496	0.159785	0.113007	-0.012433	-0.002718	0.014621	0.231423	0.000973	-0.022090	-0.002013	0.160774	0.199019	0.109498	0.170591	-0.068182	-0.011831	
-0.015309	0.010970	-0.016668	-0.009359	0.000890	-0.004635	-0.005469	0.020826	0.448517	0.032550	0.601500	0.053339	0.000773	0.415512	-0.158549	0.261927	-0.274243	-0.098278	0.212692	0.040607	-0.183767	
0.289670	-0.198838	0.307153	0.170666	-0.166768	0.395528	-0.396794	-0.378106	0.061412	0.009944	0.004824	-0.430306	0.006499	0.051900	-0.034882	-0.122775	-0.137335	0.005858	0.011578	0.140462	0.146898	
0.318852	0.461852	-0.285561	0.521805	-0.224306	-0.268400	-0.168551	-0.113075	0.010400	0.019953	-0.002221	0.233108	0.002977	0.048732	0.003346	-0.157481	-0.158183	0.236380	-0.031119	0.033245	0.051353	
-0.029118	-0.041815	0.026736	-0.046870	-0.029928	-0.034623	-0.006153	0.039114	0.546564	0.603980	0.043342	0.034349	0.096725	-0.284425	0.104072	-0.246557	0.264462	0.128317	-0.147538	0.221741	-0.070928	
0.199573	0.287019	-0.170764	0.307607	0.161992	0.382680	0.407038	0.384528	0.038239	0.058717	0.006968	-0.429830	-0.012368	-0.030586	-0.030783	0.090761	0.155634	-0.078128	0.145095	0.073325	0.105075	
0.323500	0.470960	0.281088	-0.516319	0.223116	0.266942	0.168047	-0.114838	-0.008029	0.000188	0.004346	0.232047	0.000490	0.058279	-0.000054	-0.156155	-0.162881	0.231261	-0.022981	0.029152	0.048804	
0.018668	0.026824	0.016876	-0.029007	-0.037606	-0.043665	-0.012133	-0.034343	-0.530494	0.617916	0.048034	-0.041410	0.097782	0.283130	0.104071	-0.167143	-0.016163	-0.177864	0.339215	-0.023013	-0.223399	
-0.201881	-0.291800	-0.167557	0.303448	0.161763	0.382261	0.406225	-0.385368	-0.036957	0.059592	0.008398	0.430183	-0.012122	0.030775	-0.030944	-0.138049	-0.128187	0.003039	0.016060	0.138208	0.145494	
0.000315	0.000978	0.000111	-0.000022	-0.001167	0.000090	0.001120	0.004558	0.088937	-0.005248	-0.000449	-0.005797	0.013574	-0.664831	-0.003108	-0.072171	-0.466381	-0.097552	0.499751	-0.233694	-0.114937	
-0.000003	0.000039	0.008372	-0.001237	-0.073489	-0.000042	0.067498	-0.000236	-0.004428	-0.277112	0.026756	-0.000186	0.880702	0.009812	-0.189470	-0.210078	0.130194	-0.019775	0.087891	0.103360	-0.144674	
-0.000003	0.000020	0.002800	-0.000013	-0.021723	0.005234	0.023989	-0.000033	-0.000119	-0.027710	0.044388	-0.000086	0.285288	-0.000371	0.849043	0.328045	-0.190560	0.025533	-0.019700	0.156189	0.156696	

step=10

-0.271492	0.182484	-0.001295	-0.000301	-0.000200	0.000079	-0.000097	-0.425328	0.039654	0.001538	-0.008578	-0.134250	0.000286	-0.012571	-0.003574	0.511285	0.126500	0.077876	0.181419	0.599390	-0.128778	
0.004538	-0.003041	0.004601	0.002358	-0.006200	0.004688	0.014670	0.007049	-0.001555	0.093924	-0.501946	0.002782	0.015499	0.000600	-0.219826	-0.131544	0.467771	0.026903	-0.428307	0.028144	-0.518841	
0.000588	-0.000869	-0.211620	-0.085848	0.584974	-0.218852	-0.357933	0.000199	0.000048	0.007393	-0.021020	-0.000058	0.050518	-0.000050	-0.105981	0.010795	-0.041128	0.636267	-0.032370	-0.060440	0.063362	
-0.184338	-0.269806	0.001094	-0.001402	0.000853	0.000442	-0.000124	0.424524	-0.055755	-0.006178	0.002122	-0.132512	-0.005275	0.192104	0.005006	-0.448039	-0.172518	0.073419	0.123793	0.626738	-0.106372	
0.003004	0.004321	-0.015368	0.023829	0.046631	0.024177	-0.028330	-0.007386	-0.003181	-0.387761	0.118898	0.001833	-0.329535	-0.003065	0.308049	0.115665	-0.410431	0.052066	-0.102968	-0.126255	-0.645338	
0.000598	0.001479	0.126835	-0.188425	-0.575403	-0.233565	0.344167	-0.000179	-0.000496	-0.041525	-0.000092	-0.000064	-0.129593	0.000046	-0.102159	0.010796	-0.041128	0.636267	-0.032370	-0.060440	0.063362	
0.471004	-0.320994	-0.518717	-0.282072	-0.225879	0.269170	-0.157847	0.112443	-0.028552	0.004169	0.005858	0.229452	-0.001012	-0.036046	-0.003205	0.265598	0.073268	0.023114	0.059630	0.170357	-0.040063	
-0.000267	-0.000221	0.000716	0.000417	0.008296	-0.013556	-0.001023	-0.025049	-0.437801	0.044750	0.603905	-0.064931	0.000553	-0.418318	-0.159896	-0.064614	0.103059	-0.016753	-0.441536	0.158793	-0.026947	
-0.293326	0.198560	0.307078	0.164594	-0.169956	0.395734	-0.394398	0.378578	-0.064268	0.010384	0.005299	0.430253	0.007491	-0.052168	-0.034910	0.195069	0.047918	0.185284	0.002149	-0.022988	0.013879	
0.467303	-0.317009	0.523238	0.283083	0.226091	-0.269577	0.157882	0.112916	-0.013914	-0.002858	0.014826	0.231344	0.001019	-0.022094	-0.002002	0.265472	0.077971	0.023836	0.068956	0.165931	-0.043689	
-0.015419	0.010864	-0.016840	-0.009083	0.000859	-0.004578	-0.006073	0.021693	0.444210	0.034466	0.601030	0.056174	0.000749	0.418301	-0.159878	-0.072140	0.382978	0.026174	0.113481	-0.104606	-0.242747	
0.291305	-0.196296	0.310069	0.165326	-0.170105	0.395892	-0.394970	-0.377875	0.064756	0.010099	0.004315	-0.430062	0.007538	0.052217	-0.035052	-0.190366	-0.065819	0.183332	-0.023092	-0.011009	0.023693	
0.315011	0.464913	-0.276310	0.526317	-0.225335	-0.268355	-0.167239	-0.112918	0.010375	0.020648	-0.002428	0.233092	0.003241	0.048070	0.003452	-0.246591	-0.100010	0.018661	0.002049	0.197684	-0.017675	
-0.029920	-0.043787	0.026977	-0.049179	-0.031598	-0.036189	-0.006164	0.042026	0.547644	0.604076	0.041986	0.036965	0.101695	-0.277803	0.100865	0.067473	-0.365727	-0.003242	-0.266851	0.075891	-0.094867	
0.197044	0.288694	-0.165229	0.310175	0.164981	0.382051	0.406026	0.385039	0.039963	0.061445	0.007067	-0.429583	-0.012191	-0.029878	-0.031417	0.199258	0.030761	0.185767	0.008396	-0.025952	0.011451	
0.319289	0.473432	0.272359	-0.521428	0.224100	0.266869	0.166759	-0.114718	-0.008127	-0.000535	0.004475	0.231910	0.000376	0.057399	-0.000241	-0.246724	-0.095339	0.019378	0.011315	0.193287	-0.021277	
0.019590	0.028687	0.017442	-0.031174	-0.039321	-0.045267	-0.012107	-0.037251	-0.533476	0.616541	0.046528	-0.043919	0.102669	0.276394	0.100762	0.059936	-0.086226	0.039621	0.287339	-0.187115	-0.310346	
-0.199112	-0.293083	-0.162340	0.306344	0.164779	0.381697	0.405282	-0.385776	-0.038835	0.062216	0.008424	0.429902	-0.011953	0.030049	-0.031558	-0.185609	-0.082812	0.183819	-0.016796	-0.013997	0.021246	
0.000289	0.000971	0.000121	-0.000024	-0.001231	0.000094	0.001210	0.005050	0.095777	-0.005417	-0.000453	-0.005306	0.013589	-0.666828	-0.002945	-0.255992	0.202900	0.065167	0.603339	-0.087676	-0.251466	
-0.000005	0.000039	0.008857	-0.001340	-0.077748	-0.000012	0.072505	-0.000253	-0.004235	-0.285913	0.028303	-0.000216	0.877951	0.009932	-0.186276	0.064136	-0.231946	0.017477	0.001041	-0.051245	-0.199028	
-0.000004	0.000020	0.002982	-0.000028	-0.022727	0.005745	0.025560	-0.000037	-0.000072	-0.026367	0.047744	-0.000090	0.281974	-0.000208	0.851151	-0.092854	0.353787	0.174000	-0.143736	0.046246	0.070602	

step=11

-0.273361	0.179722	-0.001291	0.000308	-0.000185	0.000092	-0.000056	-0.424949	0.042290	0.001564	-0.008598	-0.134117	0.000318	-0.012284	-0.003522	0.455334	-0.249348	0.058818	0.098705	-0.634319	0.085487	
0.004568	-0.002996	0.004618	-0.002265	-0.005702	0.004607	0.014943	0.007061	-0.001714	0.091638	-0.502781	0.002760	0.017465	0.000571	-0.216762	-0.252653	-0.462655	-0.031868	0.074590	0.094147	0.630715	
0.000614	-0.000836	-0.212830	0.081697	0.582037	-0.218317	-0.362468	0.000178	0.000033	0.006202	-0.021417	-0.000055	0.056140	-0.000062	-0.105814	0.021502	0.040895	0.638714	0.024258	0.065621	0.019611	
-0.181560	-0.271702	0.000926	0.001194	0.000871	0.000433	-0.000189	0.423964	-0.059597	-0.006132	0.002179	-0.132708	-0.005354	0.192805	0.004972	-0.428032	0.233287	0.056801	0.130579	-0.625025	0.080402	
0.002965	0.004363	-0.015605	-0.025235	0.048419	0.025145	-0.029775	-0.007381	-0.002394	-0.382981	0.120316	0.001811	-0.333400	-0.003017	0.307172	0.222802	0.406962	-0.031657	0.071136	0.093152	0.631266	
0.000508	0.001324	0.122419	0.190710	-0.571951	-0.234108	0.347726	-0.000177	-0.000416	-0.042392	-0.000472	-0.000057	-0.135152	0.000033	-0.102349	0.020911	0.039784	0.638714	0.024262	0.065623	0.019610	
0.474321	-0.316152	-0.524428	0.271439	-0.226927	0.269257	-0.155928	0.112298	-0.029985	0.004251	0.005615	0.229266	-0.001063	-0.036165	-0.003287	0.240046	-0.131315	0.017275	0.024989	-0.184882	0.025351	
-0.000245	-0.000248	0.000712	-0.000389	0.008279	-0.013533	-0.001667	-0.025984	-0.433334	0.044622	0.603215	-0.067786	0.000457	-0.421519	-0.161293	-0.194573	-0.208433	0.011684	-0.308948	-0.069114	0.235536	
-0.295313	0.195485	0.310372	-0.158287	-0.173362	0.396096	-0.392539	0.378280	-0.067850	0.010247	0.004770	0.429976	0.008522	-0.052533	-0.035113	0.182934	-0.084706	0.185478	0.001077	0.017281	0.006633	
0.470526	-0.312241	0.528932	-0.272479	0.227136	-0.269653	0.155931	0.112818	-0.015475	-0.002998	0.015032	0.231264	0.001069	-0.022103	-0.001968	0.242169	-0.132390	0.016571	0.036109	-0.181639	0.023577	
-0.015549	0.010730	-0.017035	0.008757	0.000811	-0.004519	-0.006659	0.022594	0.439482	0.036085	0.600523	0.059129	0.000618	0.421425	-0.161369	-0.068198	-0.272414	-0.030194	0.352837	0.123870	0.129925	
0.293236	-0.193267	0.313352	-0.159031	-0.173502	0.396257	-0.393062	-0.377621	0.068272	0.010200	0.003811	-0.429796	0.008563	0.052564	-0.035259	-0.173583	0.102487	0.184723	0.013003	0.020759	0.004730	
0.310406	0.468505	-0.265411	-0.531370	-0.226376	-0.268323	-0.165910	-0.112755	0.010243	0.021329	-0.002624	0.233072	0.003526	0.047461	0.003534	-0.238114	0.129674	0.018329	0.008330	-0.189741	0.028011	
-0.030627	-0.045847	0.027008	0.051597	-0.033285	-0.037769	-0.006212	0.045044	0.548665	0.604247	0.041000	0.039816	0.106659	-0.270676	0.097352	0.059524	0.255853	0.011730	-0.309751	-0.069341	0.235664	
0.194043	0.290697	-0.158729	-0.313072	0.168000	0.381394	0.404960	0.385578	0.041789	0.064259	0.007159	-0.429294	-0.012060	-0.029149	-0.032088	0.191737	-0.067302	0.185481	0.001028	0.017267	0.006641	
0.314251	0.476316	0.262038	0.527199	0.225096	0.266807	0.165450	-0.114592	-0.008326	-0.001261	0.004598	0.231757	0.000243	0.056555	-0.000453	-0.236009	0.128609	0.017630	0.019371	-0.186521	0.026249	
0.020435	0.030609	0.017860	0.033447	-0.041055	-0.046883	-0.012116	-0.040273	-0.536678	0.614963	0.045387	-0.046676	0.107550	0.269152	0.097176	0.185715	0.191969	-0.030086	0.351059	0.123359	0.130209	
-0.195833	-0.294620	-0.156194	-0.309638	0.167830	0.381107	0.404297	-0.386203	-0.040862	0.064880	0.008435	0.429577	-0.011832	0.029301	-0.032241	-0.164237	0.119648	0.184727	0.012936	0.020740	0.004741	
0.000255	0.000959	0.000130	0.000029	-0.001295	0.000101	0.001304	0.005630	0.103259	-0.005559	-0.000470	-0.004647	0.013605	-0.668656	-0.002828	-0.102262	0.060902	-0.026750	0.720700	0.017995	-0.085673	
-0.000008	0.000038	0.009366	0.001481	-0.082152	0.000042	0.077832	-0.000275	-0.003961	-0.294605	0.029617	-0.000257	0.874887	0.010059	-0.183837	0.120538	0.225190	-0.008456	0.009252	0.023684	0.184756	
-0.000005	0.000020	0.003176	0.000056	-0.023769	0.006293	0.027215	-0.000036	-0.000027	-0.024708	0.051357	-0.000078	0.279446	-0.000083	0.852993	-0.183186	-0.348488	0.185028	0.008241	0.019365	0.005490	

step=12

-0.273210	0.180011	-0.001270	0.000338	-0.000170	0.000109	-0.000004	-0.424557	0.045060	0.001559	-0.008581	-0.133855	0.000343	-0.011963	-0.003490	0.018983	-0.006132	0.740787	-0.283502	-0.250121	-0.020626	
0.004543	-0.002988	0.004597	-0.002250	-0.005189	0.004520	0.015235	0.007036	-0.001832	0.089429	-0.503641	0.002697	0.019226	0.001068	-0.213516	0.527458	-0.013474	-0.009302	0.026308	-0.069740	0.638715	
0.000626	-0.000799	-0.212524	0.081285	0.578743	-0.217495	-0.367546	0.000132	0.000002	0.004789	-0.021838	-0.000050	0.062008	0.000057	-0.105661	-0.046273	0.001148	0.261832	0.573916	0.123532	-0.006365	
-0.181809	-0.271555	0.000753	0.000919	0.000891	0.000421	-0.000272	0.423296	-0.063642	-0.006014	0.002235	-0.133086	-0.005480	0.193408	0.005263	-0.020767	-0.147031	0.019630	0.156433	-0.775847	-0.076871	
0.002951	0.004338	-0.016312	-0.026467	0.050288	0.026203	-0.031307	-0.007325	-0.001717	-0.378118	0.121721	0.001792	-0.336930	-0.003716	0.306526	-0.464479	0.014381	0.016715	0.010437	-0.050774	0.640744	
0.000415	0.001127	0.121261	0.190762	-0.567991	-0.234929	0.351674	-0.000158	-0.000324	-0.043255	-0.000902	-0.000050	-0.141108	0.000107	-0.102419	-0.043755	0.001077	0.261793	0.573940	0.123503	-0.006368	
0.474076	-0.316580	-0.525313	0.269919	-0.228170	0.269301	-0.153721	0.112201	-0.031493	0.004334	0.005308	0.229026	-0.001117	-0.036228	-0.003437	0.010376	0.016070	0.302803	-0.135917	-0.008245	0.000895	
-0.000189	-0.000294	0.000661	-0.000353	0.008224	-0.013486	-0.002337	-0.026957	-0.428443	0.044441	0.602481	-0.070723	0.000365	-0.424649	-0.163347	0.264939	-0.365059	-0.011599	0.013055	-0.026701	0.184407	
-0.295082	0.195682	0.310838	-0.157369	-0.177273	0.396502	-0.390376	0.378064	-0.071681	0.010065	0.004203	0.429561	0.009572	-0.052842	-0.035439	-0.005399	0.029392	0.219990	0.078409	0.140857	0.009395	
0.470247	-0.312738	0.529739	-0.271064	0.228385	-0.269694	0.153692	0.112775	-0.017197	-0.003139	0.015183	0.231128	0.001130	-0.022118	-0.001976	0.010682	0.028034	0.302996	-0.136035	-0.008105	0.000910	
-0.015522	0.010742	-0.017029	0.008706	0.000775	-0.004478	-0.007254	0.023533	0.434364	0.037296	0.599964	0.062255	0.000335	0.425171	-0.162630	0.283183	0.350192	-0.000154	0.006074	-0.018358	0.185300	
0.292993	-0.193514	0.313780	-0.158182	-0.177408	0.396667	-0.390825	-0.377468	0.072029	0.010203	0.003305	-0.429383	0.009583	0.052951	-0.035396	-0.014703	-0.028900	-0.068324	0.254293	-0.069325	-0.013091	
0.311065	0.468693	-0.263714	-0.531588	-0.227453	-0.268323	-0.164442	-0.112531	0.010019	0.021955	-0.002834	0.233081	0.003809	0.046899	0.003722	-0.011816	-0.097462	-0.082687	0.099247	-0.289269	-0.029170	
-0.031878	-0.047649	0.027927	0.053613	-0.035086	-0.039533	-0.006400	0.048159	0.549917	0.604192	0.040195	0.043001	0.111739	-0.263274	0.093320	-0.264517	-0.348996	0.002306	0.004573	-0.016565	0.185492	
0.194295	0.290543	-0.157644	-0.313056	0.171278	0.380651	0.403759	0.386072	0.043854	0.067323	0.007273	-0.429070	-0.011918	-0.028411	-0.032885	-0.025341	0.029855	0.220041	0.078378	0.140894	0.009399	
0.314478	0.475575	0.260932	0.528366	0.226135	0.266780	0.164004	-0.114369	-0.008464	-0.002086	0.004712	0.231617	0.000018	0.055665	-0.000542	-0.011513	-0.085642	-0.082496	0.099131	-0.289130	-0.029155	
0.021738	0.032506	0.018936	0.035659	-0.042850	-0.048613	-0.012197	-0.043440	-0.539731	0.613456	0.044444	-0.049740	0.112301	0.261282	0.093554	-0.246131	0.365109	0.013732	-0.002397	-0.008235	0.186383	
-0.195792	-0.293861	-0.155448	-0.310151	0.171141	0.380448	0.403221	-0.386555	-0.043098	0.067853	0.008427	0.429310	-0.011736	0.028612	-0.032898	-0.034663	-0.028341	-0.067813	0.253981	-0.068952	-0.013052	
0.000231	0.000936	0.000143	0.000032	-0.001382	0.000106	0.001418	0.006276	0.111253	-0.005693	-0.000472	-0.003740	0.013886	-0.670315	-0.003885	0.008424	0.667506	-0.069831	0.091405	-0.279897	-0.028167	
-0.000010	0.000036	0.009931	0.001465	-0.086686	0.000095	0.083646	-0.000297	-0.003861	-0.303230	0.030775	-0.000283	0.871536	0.010606	-0.181839	-0.254791	-0.004374	0.007800	0.001222	-0.012560	0.185920	
-0.000006	0.000018	0.003385	0.000028	-0.024840	0.006874	0.028992	-0.000022	0.000006	-0.022712	0.055260	-0.000074	0.277444	-0.000877	0.854625	0.390760	-0.009685	0.070046	0.169881	0.031547	-0.002300	

step=13

-0.275109	0.177151	-0.001269	0.000356	-0.000153	0.000133	0.000042	-0.424111	0.047967	0.001616	-0.008590	0.000369	-0.133654	-0.011628	-0.003444	-0.181591	0.009182	0.769395	0.247907	0.048043	0.062279	
0.004567	-0.002936	0.004625	-0.002147	-0.004653	0.004423	0.015455	0.007029	-0.002022	0.087365	-0.504534	0.020802	0.002657	0.000972	-0.210075	0.011470	0.001149	-0.110080	0.357369	0.574428	-0.472145	
0.000657	-0.000763	-0.213706	0.076797	0.575329	-0.216835	-0.372499	0.000099	-0.000010	0.003120	-0.022264	0.068027	-0.000046	0.000148	-0.105503	0.023806	0.601557	0.016619	-0.119402	0.143132	0.133913	
-0.178929	-0.273477	0.000558	0.000625	0.000905	0.000401	-0.000348	0.422611	-0.067973	-0.006007	0.002292	-0.005558	-0.133457	0.193882	0.005328	-0.803444	0.015530	0.003248	0.045413	0.044465	0.068244	
0.002913	0.004385	-0.016489	-0.028020	0.052179	0.027257	-0.032853	-0.007296	-0.000748	-0.373212	0.123105	-0.340132	0.001779	-0.003720	0.306183	-0.011270	-0.174455	0.141759	-0.518421	0.545537	-0.115722	
0.000304	0.000920	0.116409	0.193074	-0.563966	-0.235592	0.355578	-0.000157	-0.000210	-0.043950	-0.001446	-0.147346	-0.000041	0.000180	-0.102361	0.023925	0.602230	0.015694	-0.116036	0.143243	0.132547	
0.477460	-0.311568	-0.531211	0.258260	-0.229346	0.269342	-0.151567	0.112041	-0.033089	0.004369	0.005034	-0.001186	0.228802	-0.036322	-0.003560	0.023560	0.001674	0.316383	0.096851	0.014763	0.018062	
-0.000139	-0.000332	0.000630	-0.000311	0.008176	-0.013467	-0.002969	-0.027945	-0.423002	0.043576	0.601668	0.000122	-0.073745	-0.428608	-0.165747	-0.099667	0.100488	-0.024386	0.102205	0.020007	-0.456114	
-0.297093	0.192494	0.314226	-0.150454	-0.181118	0.396836	-0.388244	0.377725	-0.075689	0.009696	0.003667	0.010597	0.429200	-0.053200	-0.035728	0.131472	0.172776	0.157630	0.006304	0.042771	0.038650	
0.473514	-0.307795	0.535630	-0.259466	0.229562	-0.269732	0.151513	0.112657	-0.018968	-0.003300	0.015373	0.001195	0.231010	-0.022100	-0.001947	0.027093	-0.000954	0.315108	0.100466	0.019771	0.027270	
-0.015656	0.010598	-0.017227	0.008348	0.000706	-0.004431	-0.007815	0.024475	0.428581	0.038535	0.599352	0.000053	0.065402	0.429066	-0.164239	0.111798	-0.056903	-0.100870	0.318652	0.319891	0.095269	
0.294938	-0.190372	0.317170	-0.151300	-0.181247	0.397019	-0.388642	-0.377166	0.075954	0.010187	0.002808	0.010598	-0.429025	0.053353	-0.035621	-0.117447	0.177084	-0.149622	-0.069527	0.040386	0.036541	
0.306339	0.472470	-0.251776	-0.536658	-0.228565	-0.268335	-0.162916	-0.112347	0.009715	0.022632	-0.003015	0.004141	0.233057	0.046388	0.003793	-0.320037	0.013930	-0.087949	-0.023351	-0.004045	-0.009828	
-0.032595	-0.049882	0.027796	0.056229	-0.036857	-0.041254	-0.006622	0.051418	0.550820	0.604542	0.039694	0.116674	0.046466	-0.254883	0.088914	-0.111425	0.006548	0.109804	-0.364538	0.005125	-0.265039	
0.191204	0.292620	-0.150527	-0.315938	0.174596	0.379954	0.402430	0.386700	0.045956	0.070498	0.007339	-0.011823	-0.428711	-0.027638	-0.033693	0.130587	0.169189	0.162265	-0.011746	0.042177	0.045942	
0.309209	0.478368	0.249656	0.534443	0.227205	0.266768	0.162499	-0.114202	-0.008794	-0.002831	0.004829	-0.000178	0.231429	0.054873	-0.000748	-0.316549	0.011335	-0.089209	-0.019782	0.000900	-0.000737	
0.022595	0.034582	0.019246	0.038182	-0.044652	-0.050357	-0.012364	-0.046714	-0.543415	0.611455	0.043771	0.117108	-0.053098	0.252907	0.089692	0.099691	-0.150582	0.033447	-0.148449	0.304511	0.285432	
-0.192358	-0.295302	-0.148739	-0.313601	0.174502	0.379846	0.401998	-0.387035	-0.045507	0.070808	0.008397	-0.011659	0.428900	0.027894	-0.033690	-0.117921	0.173477	-0.144460	-0.087516	0.039793	0.043863	
0.000190	0.000911	0.000153	0.000037	-0.001449	0.000116	0.001527	0.007024	0.120166	-0.005719	-0.000489	0.013936	-0.002601	-0.671727	-0.004041	-0.094183	-0.153298	-0.167742	0.206993	0.314564	0.575963	
-0.000015	0.000033	0.010494	0.001648	-0.091365	0.000193	0.089804	-0.000314	-0.003426	-0.311757	0.031682	0.867928	-0.000331	0.011000	-0.180253	-0.009446	-0.068985	0.072454	-0.258528	0.149736	0.000069	
-0.000008	0.000017	0.003606	0.000068	-0.025944	0.007500	0.030845	-0.000024	0.000045	-0.020301	0.059601	0.275984	-0.000064	-0.001540	0.855991	0.020158	0.245191	-0.091844	0.320330	0.053171	-0.105132	

step=14

-0.277067	0.174134	-0.001270	0.000374	-0.000134	0.000153	0.000083	-0.423623	0.051018	0.001715	-0.008605	0.000392	-0.133422	-0.011234	-0.003396	0.015844	0.005299	0.075068	0.128528	0.800130	-0.173761	
0.004593	-0.002885	0.004659	-0.002036	-0.004099	0.004320	0.015633	0.007050	-0.002258	0.085307	-0.505505	0.022210	0.002590	0.001682	-0.206324	0.529373	-0.002441	-0.035489	0.340229	-0.173798	-0.516006	
0.000689	-0.000723	-0.214847	0.072073	0.571703	-0.216145	-0.377572	0.000066	-0.000019	0.001176	-0.022705	0.074197	-0.000041	0.000228	-0.105353	-0.046529	0.000119	-0.115017	0.524887	0.003519	0.352829	
-0.175890	-0.275449	0.000362	0.000293	0.000922	0.000389	-0.000419	0.421859	-0.072583	-0.006072	0.002355	-0.005624	-0.133933	0.194171	0.005657	-0.014770	-0.154245	-0.733765	-0.087958	0.267471	-0.111853	
0.002877	0.004444	-0.016602	-0.029647	0.054092	0.028345	-0.034408	-0.007286	0.000461	-0.368269	0.124600	-0.342988	0.001795	-0.004487	0.305996	-0.466857	0.004673	-0.011351	0.346690	-0.157902	-0.517854	
0.000188	0.000690	0.111270	0.195371	-0.559693	-0.236285	0.359607	-0.000154	-0.000061	-0.044546	-0.002080	-0.153829	-0.000033	0.000247	-0.102184	-0.041412	0.000078	-0.115080	0.524870	0.003477	0.352834	
0.480943	-0.306283	-0.537124	0.245884	-0.230567	0.269358	-0.149338	0.111866	-0.034774	0.004364	0.004760	-0.001264	0.228561	-0.036390	-0.003733	0.008333	0.022283	0.120370	0.063642	0.296823	-0.057904	
-0.000088	-0.000363	0.000601	-0.000270	0.008121	-0.013442	-0.003582	-0.028938	-0.416977	0.042243	0.600760	-0.000171	-0.076819	-0.432563	-0.168268	0.273802	-0.362325	-0.012637	0.097970	-0.051916	-0.149360	
-0.299162	0.189135	0.317618	-0.143117	-0.185127	0.397140	-0.386013	0.377343	-0.079909	0.009157	0.003123	0.011600	0.428805	-0.053548	-0.036109	-0.007271	0.033716	0.128039	0.195305	0.107291	0.089900	
0.476878	-0.302589	0.541537	-0.247159	0.230782	-0.269743	0.149254	0.112525	-0.020833	-0.003471	0.015570	0.001266	0.230876	-0.022032	-0.001963	0.008371	0.034315	0.120354	0.063638	0.296813	-0.057903	
-0.015803	0.010443	-0.017435	0.007972	0.000608	-0.004389	-0.008360	0.025446	0.422158	0.039870	0.598647	-0.000271	0.068581	0.433854	-0.166350	0.275984	0.358879	-0.013818	0.097654	-0.052695	-0.149270	
0.296938	-0.187062	0.320561	-0.144000	-0.185250	0.397339	-0.386361	-0.376827	0.080075	0.010128	0.002313	0.011596	-0.428631	0.053752	-0.035817	-0.012883	-0.033679	-0.194774	0.108903	-0.105298	0.114608	
0.301362	0.476405	-0.239126	-0.541657	-0.229701	-0.268382	-0.161302	-0.112153	0.009300	0.023315	-0.003187	0.004490	0.233019	0.045936	0.003987	-0.008106	-0.105414	-0.310694	-0.051733	0.012945	-0.024911	
-0.033279	-0.052209	0.027525	0.058944	-0.038628	-0.043019	-0.006961	0.054780	0.551371	0.605276	0.039326	0.121422	0.050268	-0.246143	0.084422	-0.257394	-0.357234	0.000227	0.101413	-0.043445	-0.150345	
0.187952	0.294773	-0.142994	-0.318768	0.178027	0.379273	0.400965	0.387368	0.048155	0.073865	0.007371	-0.011729	-0.428288	-0.026889	-0.034629	-0.028124	0.033745	0.127982	0.195290	0.107254	0.089904	
0.303651	0.481194	0.237681	0.540587	0.228298	0.266784	0.160902	-0.114040	-0.009220	-0.003574	0.004941	-0.000389	0.231223	0.054123	-0.000832	-0.008067	-0.093527	-0.310710	-0.051737	0.012934	-0.024910	
0.023414	0.036721	0.019441	0.040814	-0.046474	-0.052163	-0.012639	-0.050134	-0.547618	0.609025	0.043220	0.121740	-0.056788	0.243424	0.085155	-0.254877	0.362729	-0.000952	0.101097	-0.044222	-0.150255	
-0.188741	-0.296746	-0.141623	-0.317082	0.177971	0.379244	0.400633	-0.387575	-0.048141	0.073863	0.008323	-0.011581	0.428436	0.027152	-0.034522	-0.033693	-0.033531	-0.194276	0.109037	-0.104970	0.114570	
0.000146	0.000871	0.000164	0.000043	-0.001531	0.000114	0.001642	0.007888	0.129941	-0.005602	-0.000517	0.013950	-0.001140	-0.672883	-0.005260	-0.004236	0.656298	-0.309544	-0.051425	0.013702	-0.024999	
-0.000019	0.000030	0.011078	0.001866	-0.096134	0.000298	0.096328	-0.000340	-0.002734	-0.320019	0.032403	0.864162	-0.000371	0.011105	-0.178886	-0.253232	-0.009752	-0.000414	0.101242	-0.043867	-0.150296	
-0.000011	0.000014	0.003841	0.000120	-0.027060	0.008168	0.032765	-0.000008	0.000097	-0.017358	0.064394	0.274896	-0.000066	-0.002104	0.857209	0.385423	-0.000931	-0.037735	0.150935	-0.001880	0.102588	

step=15

-0.279036	0.171019	-0.001263	0.000394	-0.000098	0.000183	0.000122	-0.423136	-0.054229	0.001890	-0.008602	0.000414	-0.133106	-0.011680	-0.002651	-0.511984	-0.132664	0.614852	-0.122308	0.122953	-0.071556	
0.004623	-0.002831	0.004696	-0.001917	-0.003528	0.004201	0.015767	0.007044	0.002580	0.083180	-0.506562	0.023456	0.002535	0.001819	-0.202357	0.091961	-0.362365	-0.022729	0.486771	0.322695	-0.461755	
0.000718	-0.000678	-0.215906	0.067196	0.567870	-0.215394	-0.382762	0.000039	0.000019	-0.001048	-0.023175	0.080458	-0.000039	0.000495	-0.105199	-0.007513	0.032026	0.105016	0.367053	0.132172	0.501104	
-0.172750	-0.277437	0.000160	-0.000089	0.000919	0.000364	-0.000487	0.421066	0.077511	-0.006255	0.002403	-0.005681	-0.134582	0.194978	0.005358	0.425684	0.218902	0.634751	-0.047991	0.065983	-0.122291	
0.002841	0.004509	-0.016653	-0.031342	0.056010	0.029484	-0.035945	-0.007245	-0.002069	-0.363315	0.126284	-0.345471	0.001803	-0.004886	0.306068	-0.080580	0.318172	-0.153137	-0.000256	0.696038	-0.129266	
0.000063	0.000430	0.105917	0.197590	-0.555178	-0.237033	0.363740	-0.000151	-0.000145	-0.045076	-0.002808	-0.160478	-0.000024	0.000492	-0.101872	-0.006514	0.027607	0.105853	0.370181	0.129774	0.498968	
0.484454	-0.300808	-0.542927	0.232986	-0.231826	0.269359	-0.147021	0.111656	0.036538	0.004299	0.004490	-0.001349	0.228320	-0.036876	-0.003567	-0.262279	-0.082393	0.175551	-0.045287	0.043177	-0.014018	
-0.000029	-0.000389	0.000569	-0.000227	0.008039	-0.013432	-0.004169	-0.029963	0.410297	0.040355	0.599733	-0.000506	-0.079860	-0.437356	-0.172284	-0.014787	0.061036	0.056178	0.375471	-0.086170	-0.293843	
-0.301239	0.185660	0.320941	-0.135476	-0.189296	0.397437	-0.383664	0.376912	0.084334	0.008398	0.002573	0.012568	0.428375	-0.054133	-0.036271	-0.188670	-0.062498	0.026180	0.090487	0.050482	0.156067	
0.480281	-0.297211	0.547317	-0.234339	0.232054	-0.269727	0.146906	0.112366	0.022786	-0.003663	0.015780	0.001342	0.230750	-0.022360	-0.001591	-0.260199	-0.090688	0.173989	-0.051121	0.047649	-0.010035	
-0.015963	0.010284	-0.017645	0.007583	0.000499	-0.004344	-0.008884	0.026412	-0.414975	0.041537	0.597841	-0.000612	0.071756	0.439046	-0.167871	0.110008	-0.436674	-0.037554	0.025416	0.182174	-0.054864	
0.298954	-0.183649	0.323876	-0.136400	-0.189416	0.397634	-0.383953	-0.376441	-0.084382	0.010070	0.001807	0.012559	-0.428213	0.054501	-0.036295	0.185390	0.076337	0.035582	0.125599	0.023566	0.132096	
0.296226	0.480443	-0.225963	-0.546434	-0.230861	-0.268463	-0.159621	-0.111933	-0.008746	0.024005	-0.003365	0.004845	0.232955	0.045964	0.003725	0.229472	0.135719	0.191959	0.015994	-0.003800	-0.055854	
-0.033935	-0.054630	0.027125	0.061742	-0.040410	-0.044843	-0.007436	0.058273	-0.551303	0.606673	0.038982	0.125852	0.054424	-0.236395	0.078796	-0.106822	0.422588	-0.013467	0.115374	0.113214	-0.116277	
0.184602	0.296974	-0.135160	-0.321460	0.181551	0.378580	0.399379	0.388070	-0.050421	0.077454	0.007359	-0.011618	-0.427796	-0.026390	-0.035369	-0.191789	-0.047746	0.023421	0.080182	0.058381	0.163102	
0.297888	0.483964	0.225205	0.546687	0.229398	0.266822	0.159235	-0.113850	0.009749	-0.004326	0.005032	-0.000614	0.230972	0.053839	-0.001339	0.231542	0.127530	0.190417	0.010233	0.000616	-0.051921	
0.024195	0.038920	0.019530	0.043552	-0.048287	-0.054009	-0.013044	-0.053677	0.552595	0.605940	0.042697	0.126089	-0.060864	0.233542	0.081054	0.018358	-0.074246	-0.107031	-0.234055	0.381078	0.122275	
-0.185000	-0.298142	-0.134217	-0.320526	0.181530	0.378632	0.399149	-0.388141	0.051053	0.076986	0.008178	-0.011487	0.427895	0.026836	-0.035729	0.181807	0.090847	0.032796	0.115196	0.031540	0.139198	
0.000093	0.000819	0.000176	0.000049	-0.001599	0.000122	0.001760	0.008903	-0.140665	-0.005253	-0.000547	0.013950	0.000692	-0.673059	-0.006568	0.359253	-0.387744	0.093584	-0.351402	0.277837	0.194963	
-0.000024	0.000024	0.011682	0.002117	-0.100936	0.000396	0.103162	-0.000350	0.001620	-0.327866	0.032941	0.860330	-0.000424	0.011746	-0.177562	-0.046030	0.179788	-0.058140	-0.051463	0.241107	-0.002379	
-0.000012	0.000013	0.004088	0.000185	-0.028164	0.008870	0.034723	-0.000014	-0.000149	-0.013751	0.069742	0.274097	-0.000046	-0.004218	0.858190	0.061663	-0.262713	0.082053	0.299153	-0.109476	0.013613	

step=16

-0.281033	0.167780	-0.001274	0.000421	-0.000091	0.000187	0.000177	-0.422535	-0.057556	0.002193	0.000430	0.008640	-0.132820	-0.010366	0.003328	0.060430	0.526125	0.630181	-0.107981	0.004702	0.062537	
0.004654	-0.002776	0.004735	-0.001792	-0.002937	0.004073	0.015849	0.007040	0.003045	0.080918	0.024554	0.507748	0.002485	0.002761	0.197989	-0.527740	0.060798	-0.000757	0.007244	-0.639239	0.067475	
0.000754	-0.000640	-0.216871	0.062179	0.563830	-0.214598	-0.388052	-0.000001	-0.000007	-0.003556	0.086753	0.023686	-0.000037	0.001121	0.105042	0.046396	-0.006266	0.111709	0.632186	0.003543	-0.032898	
-0.169490	-0.279433	-0.000021	-0.000489	0.000945	0.000365	-0.000571	0.420135	0.082749	-0.006641	-0.005722	-0.002493	-0.135341	0.194104	-0.007089	-0.053604	-0.465349	0.643885	-0.117773	-0.010023	-0.075623	
0.002806	0.004580	-0.016636	-0.033105	0.057907	0.030665	-0.037436	-0.007201	-0.004375	-0.358329	-0.347589	-0.128248	0.001809	-0.006474	-0.306257	0.466059	-0.053613	-0.000874	0.007343	-0.639018	0.069601	
-0.000058	0.000167	0.100363	0.199713	-0.550431	-0.237824	0.367985	-0.000132	-0.000447	-0.045557	-0.167212	0.003635	-0.000016	0.001087	0.101419	0.038695	-0.005267	0.111708	0.632187	0.003542	-0.032899	
0.488018	-0.295158	-0.548541	0.219588	-0.233139	0.269327	-0.144623	0.111463	0.038400	0.004124	-0.001441	-0.004192	0.228027	-0.036430	0.004284	0.031387	0.273101	0.180777	-0.029969	0.003362	0.036888	
0.000033	-0.000414	0.000533	-0.000185	0.007948	-0.013418	-0.004730	-0.030976	0.402892	0.037605	-0.000861	-0.598557	-0.082836	-0.441745	0.178104	-0.274417	0.027430	0.033541	-0.022345	-0.223426	-0.339773	
-0.303346	0.182069	0.324149	-0.127540	-0.193623	0.397703	-0.381207	0.376454	0.088973	0.007309	0.013484	-0.001986	0.427877	-0.053926	0.037210	0.036024	0.195725	0.029382	0.185350	0.004256	0.020773	
0.483698	-0.291621	0.552966	-0.221029	0.233350	-0.269698	0.144477	0.112231	0.024842	-0.003908	0.001421	-0.015969	0.230568	-0.021750	0.002043	0.031407	0.273242	0.179654	-0.029155	0.004632	0.048845	
-0.016131	0.010119	-0.017860	0.007180	0.000367	-0.004303	-0.009385	0.027365	-0.406909	0.043899	-0.000963	-0.596884	0.074893	0.445221	0.168529	-0.273243	0.035641	-0.033927	0.026502	-0.147162	0.378106	
0.300976	-0.180098	0.327107	-0.128516	-0.193722	0.397913	-0.381425	-0.376054	-0.088875	0.010104	0.013475	-0.001308	-0.427728	0.054715	0.036071	-0.015993	-0.198450	0.035364	0.181070	-0.002202	-0.039840	
0.290885	0.484528	-0.212352	-0.551015	-0.232021	-0.268565	-0.157867	-0.111734	-0.008037	0.024709	0.005207	0.003520	0.232900	0.045346	-0.004360	-0.029389	-0.255194	0.192448	-0.038349	-0.009423	-0.083214	
-0.034555	-0.057140	0.026593	0.064624	-0.042184	-0.046714	-0.008065	0.061902	-0.550023	0.609266	0.129910	-0.038620	0.058921	-0.225752	-0.072227	0.254587	-0.033455	0.033344	-0.022195	-0.223156	-0.337209	
0.181117	0.299177	-0.127066	-0.324022	0.185152	0.377880	0.397651	0.388852	-0.052641	0.081317	-0.011479	-0.007264	-0.427264	-0.025195	0.036852	0.057504	0.192514	0.029390	0.185344	0.004249	0.020712	
0.291938	0.486760	0.212210	0.552635	0.230527	0.266900	0.157491	-0.113684	0.010360	-0.005096	-0.000851	-0.005135	0.230723	0.052889	0.000922	-0.029370	-0.255054	0.191338	-0.037546	-0.008169	-0.071409	
0.024942	0.041192	0.019497	0.046392	-0.050102	-0.055910	-0.013593	-0.057386	0.558869	0.601691	0.130084	-0.042146	-0.065309	0.222160	-0.076973	0.255759	-0.025259	-0.033998	0.026561	-0.147035	0.379333	
-0.181137	-0.299528	-0.126510	-0.323873	0.185184	0.378020	0.397541	-0.388777	0.054308	0.080114	-0.011362	-0.007967	0.427313	0.026074	0.036411	0.005655	-0.200936	0.035361	0.181072	-0.002197	-0.039788	
0.000040	0.000763	0.000187	0.000054	-0.001663	0.000132	0.001879	0.010005	-0.152497	-0.004482	0.013926	0.000565	0.003104	-0.674064	0.010090	-0.027587	-0.241633	0.122083	0.012594	0.070112	0.665450	
-0.000030	0.000019	0.012300	0.002406	-0.105707	0.000478	0.110260	-0.000351	-0.000238	-0.335221	0.856503	-0.033304	-0.000487	0.012925	0.176158	0.250151	-0.028918	0.000809	0.001361	-0.186380	0.008973	
-0.000014	0.000012	0.004345	0.000261	-0.029225	0.009617	0.036683	-0.000014	-0.000198	-0.009373	0.273518	-0.075750	-0.000016	-0.009287	-0.858962	-0.376809	0.049529	0.032331	0.183234	0.001035	-0.009476	

step=17

-0.283024	0.164460	-0.001279	0.000446	-0.000068	0.000195	0.000233	-0.421912	-0.061031	0.002765	0.000444	-0.008668	-0.132468	-0.009387	0.004106	-0.519754	-0.097145	0.508697	-0.154119	0.350704	-0.090977	
0.004685	-0.002720	0.004777	-0.001660	-0.002332	0.003933	0.015882	0.007038	0.003784	0.078455	0.025531	-0.509086	0.002415	0.015198	0.192540	0.074634	-0.461381	-0.124723	0.367585	0.184847	-0.541331	
0.000785	-0.000598	-0.217722	0.057077	0.559596	-0.213766	-0.393410	-0.000040	-0.000091	-0.006377	0.093032	-0.024254	-0.000035	0.007961	0.104594	-0.005787	0.040823	-0.006945	-0.437283	-0.279199	-0.380157	
-0.166147	-0.281422	-0.000194	-0.000927	0.000955	0.000362	-0.000653	0.419138	0.088351	-0.007439	-0.005755	0.002580	-0.136315	0.192569	-0.019885	0.441537	0.153034	0.399216	-0.189005	0.472852	-0.128441	
0.002772	0.004659	-0.016549	-0.034928	0.059765	0.031890	-0.038860	-0.007149	-0.008009	-0.353239	-0.349389	0.130573	0.001837	-0.026324	-0.305497	-0.065725	0.406644	0.181755	0.465244	-0.157089	-0.436457	
-0.000180	-0.000117	0.094662	0.201705	-0.545475	-0.238647	0.372327	-0.000114	-0.000933	-0.045979	-0.173965	-0.004571	-0.000005	0.007654	0.100540	-0.004635	0.032901	-0.009714	-0.438165	-0.276110	-0.381105	
0.491570	-0.289353	-0.553926	0.205832	-0.234480	0.269273	-0.142159	0.111235	0.040339	0.003756	-0.001536	0.003890	0.227733	-0.035876	0.006927	-0.267128	-0.059629	0.162029	-0.040010	0.085339	-0.021367	
0.000103	-0.000435	0.000493	-0.000140	0.007838	-0.013405	-0.005256	-0.031990	0.394696	0.033368	-0.001226	0.597185	-0.085633	-0.434973	0.210753	-0.006555	-0.069971	-0.277379	0.029659	0.322712	-0.239427	
-0.305438	0.178382	0.327217	-0.119398	-0.198077	0.397943	-0.378653	0.375930	0.093802	0.005677	0.014344	0.001374	0.427351	-0.051507	0.041157	-0.192565	-0.039644	0.021578	-0.119209	-0.107232	-0.102098	
0.487127	-0.285898	0.558361	-0.207361	0.234682	-0.269639	0.141978	0.112069	0.026972	-0.004261	0.001503	0.016163	0.230386	-0.021187	0.003525	-0.265627	-0.065260	0.168817	-0.037847	0.077765	-0.019044	
-0.016308	0.009947	-0.018072	0.006767	0.000213	-0.004268	-0.009853	0.028320	-0.397726	0.047663	-0.001318	0.595745	0.077855	0.461443	0.142523	0.083911	-0.408230	0.130460	0.159616	-0.132311	-0.099869	
0.302998	-0.176464	0.330186	-0.120422	-0.198155	0.398156	-0.378788	-0.375614	-0.093513	0.010415	0.014336	0.000791	-0.427224	0.057118	0.032720	0.190073	0.057231	-0.027724	-0.134919	-0.052227	-0.118969	
0.285405	0.488665	-0.198405	-0.555272	-0.233193	-0.268702	-0.156047	-0.111522	-0.007107	0.025430	0.005573	-0.003678	0.232812	0.044790	-0.007431	0.238055	0.096371	0.076152	-0.067374	0.181151	-0.050753	
-0.035139	-0.059738	0.025929	0.067572	-0.043940	-0.048633	-0.008879	0.065659	-0.546376	0.614059	0.133608	0.038173	0.063809	-0.217583	-0.052434	-0.080908	0.391010	-0.113505	0.081877	0.139879	-0.183351	
0.177546	0.301392	-0.118781	-0.326386	0.188821	0.377180	0.395778	0.389687	-0.054627	0.085574	-0.011304	0.007084	-0.426647	-0.021973	0.039662	-0.194902	-0.020244	0.028275	-0.117075	-0.114705	-0.099807	
0.285832	0.489486	0.198856	0.558399	0.231661	0.267011	0.155679	-0.113502	0.011051	-0.005910	-0.001104	0.005219	0.230424	0.052284	-0.002375	0.239527	0.090810	0.082857	-0.065238	0.173670	-0.048459	
0.025649	0.043525	0.019347	0.049327	-0.051895	-0.057853	-0.014316	-0.061257	0.567498	0.595189	0.133740	0.041499	-0.070153	0.205151	-0.084556	0.009196	0.053448	0.293539	0.211581	-0.314257	-0.044065	
-0.177178	-0.300854	-0.118597	-0.327100	0.188906	0.377413	0.395797	-0.389459	0.058074	0.083116	-0.011201	0.007646	0.426642	0.027794	0.035814	0.186905	0.076521	-0.020909	-0.132747	-0.059830	-0.116637	
-0.000019	0.000692	0.000199	0.000059	-0.001730	0.000137	0.002001	0.011293	-0.165523	-0.002887	0.013889	-0.000584	0.006111	-0.672099	0.053802	0.325071	-0.255142	0.499014	0.067370	-0.290634	0.093945	
-0.000036	0.000013	0.012923	0.002726	-0.110395	0.000548	0.117592	-0.000347	-0.003512	-0.342103	0.852706	0.033500	-0.000548	0.024353	0.173485	-0.036387	0.222618	0.081332	0.143961	-0.077499	-0.116680	
-0.000016	0.000010	0.004608	0.000348	-0.030220	0.010414	0.038616	-0.000013	-0.000202	-0.004122	0.273094	0.082572	0.000018	-0.065311	-0.857192	0.046449	-0.328257	-0.120813	-0.164582	0.051632	-0.150823	

step=18

-0.285001	0.161071	-0.001294	0.000472	-0.000046	0.000217	0.000268	-0.421280	0.000457	-0.064664	0.003974	-0.008678	-0.132011	0.002846	-0.009738	-0.524693	0.070093	0.248243	0.586164	0.001450	-0.090097	
0.004716	-0.002665	0.004819	-0.001523	-0.001712	0.003777	0.015854	0.007044	0.026421	0.005143	0.075725	-0.510609	0.002319	0.187728	-0.003227	0.008938	-0.007152	-0.001866	0.063787	0.748906	0.363491	
0.000819	-0.000560	-0.218445	0.051945	0.555195	-0.212873	-0.398805	-0.000075	0.099260	-0.000326	-0.009565	-0.024897	-0.000037	0.104708	-0.002159	-0.000042	0.000532	0.587885	-0.258138	0.016296	-0.054213	
-0.162731	-0.283401	-0.000342	-0.001370	0.000967	0.000352	-0.000716	0.418077	-0.005783	0.094333	-0.009195	0.002660	-0.137576	-0.001033	0.193190	0.445100	-0.204157	0.251019	0.585942	-0.016840	-0.081975	
0.002738	0.004743	-0.016391	-0.036804	0.061563	0.033162	-0.040180	-0.007100	-0.350944	-0.014602	-0.347862	0.133341	0.001890	-0.307075	0.003213	-0.007599	0.008639	0.136029	0.052747	-0.159806	0.767049	
-0.000295	-0.000399	0.088872	0.203537	-0.540334	-0.239530	0.376733	-0.000100	-0.180689	-0.001830	-0.046285	-0.005638	-0.000000	0.100044	-0.002061	-0.000021	0.000410	0.586447	-0.258023	0.025775	-0.058423	
0.495116	-0.283426	-0.558983	0.191853	-0.235845	0.269193	-0.139624	0.110979	-0.001632	0.042334	0.002960	0.003584	0.227467	0.003494	-0.036505	-0.269367	0.056263	0.071601	0.169900	0.002666	-0.027108	
0.000179	-0.000453	0.000448	-0.000095	0.007714	-0.013394	-0.005746	-0.032994	-0.001590	0.385665	0.025893	0.595575	-0.088122	0.172225	-0.460130	-0.043209	-0.367074	-0.016714	0.019781	0.323614	0.058009	
-0.307517	0.174624	0.330088	-0.111129	-0.202632	0.398155	-0.375971	0.375362	0.015150	0.098780	0.002933	0.000730	0.426826	0.036360	-0.055564	-0.192338	0.058469	0.169786	-0.074762	0.008580	-0.017424	
0.490532	-0.280031	0.563466	-0.193474	0.236049	-0.269553	0.139418	0.111855	0.001586	0.029120	-0.004884	0.016363	0.230210	0.001320	-0.021320	-0.267782	0.068338	0.071582	0.169901	0.002789	-0.027162	
-0.016494	0.009766	-0.018282	0.006350	0.000037	-0.004239	-0.010286	0.029273	-0.001671	-0.387003	0.054557	0.594359	0.080512	0.191083	0.452255	0.052369	0.358808	-0.017829	0.019870	0.330966	0.054744	
0.304995	-0.172745	0.333089	-0.112201	-0.202710	0.398382	-0.376061	-0.375089	0.015142	-0.098204	0.011512	0.000247	-0.426703	0.038605	0.053989	0.192314	-0.058238	0.169989	-0.074779	0.007240	-0.016829	
0.279776	0.492774	-0.184297	-0.559198	-0.234365	-0.268883	-0.154189	-0.111271	0.005948	-0.005805	0.026171	-0.003841	0.232661	-0.002964	0.045672	0.239323	-0.140852	0.073155	0.169775	-0.007575	-0.022560	
-0.035683	-0.062416	0.025143	0.070580	-0.045657	-0.050595	-0.009924	0.069558	0.137014	-0.537265	0.623601	0.037618	0.069089	-0.066517	-0.198650	-0.051898	-0.357106	0.056574	0.013913	-0.159349	0.272493	
0.173883	0.303572	-0.110405	-0.328547	0.192534	0.376484	0.393793	0.390543	-0.011087	-0.055874	0.090538	0.006800	-0.425925	0.038628	-0.025471	-0.191994	0.058598	0.172902	-0.075012	-0.011957	-0.008304	
0.279612	0.492189	0.185246	0.563853	0.232785	0.267146	0.153815	-0.113308	-0.001374	0.011793	-0.006839	0.005281	0.230060	0.003016	0.052205	0.240890	-0.128923	0.073136	0.169777	-0.007454	-0.022614	
0.026318	0.045923	0.019078	0.052346	-0.053650	-0.059837	-0.015263	-0.065301	0.137119	0.581207	0.583512	0.040734	-0.075389	-0.058257	0.199042	0.043699	0.367314	0.055461	0.014002	-0.152010	0.269233	
-0.173152	-0.302150	-0.110540	-0.330135	0.192653	0.376784	0.393912	-0.390208	-0.010998	0.062792	0.085648	0.007191	0.425877	0.039780	0.023897	0.191956	-0.057862	0.173114	-0.075029	-0.013354	-0.007684	
-0.000084	0.000606	0.000211	0.000066	-0.001802	0.000133	0.002127	0.012799	0.013848	-0.179820	0.000607	-0.000624	0.009847	-0.011125	-0.673074	0.331579	0.607778	0.071988	0.169868	0.000114	-0.025974	
-0.000042	0.000007	0.013542	0.003071	-0.114966	0.000602	0.125161	-0.000344	0.848932	-0.009964	-0.348524	0.033524	-0.000612	0.173287	0.007533	-0.005585	-0.007074	0.055056	0.014034	-0.149340	0.268048	
-0.000018	0.000007	0.004875	0.000444	-0.031124	0.011264	0.040490	-0.000006	0.272770	-0.000054	0.002086	0.090398	0.000052	-0.859894	0.017710	0.000278	-0.004214	0.117064	-0.070541	0.356012	-0.171718	

step=19

-0.286961	0.157616	-0.001307	0.000496	-0.000019	0.000226	0.000314	-0.420551	0.000470	-0.068199	0.007322	-0.008698	-0.131560	0.002847	-0.008880	-0.004511	-0.194168	0.698740	0.405718	0.029764	0.048147	
0.004748	-0.002607	0.004863	-0.001380	-0.001082	0.003604	0.015760	0.007044	0.027251	0.008524	0.072489	-0.512354	0.002215	0.181672	-0.001198	0.532458	-0.034916	-0.009752	-0.047407	-0.234393	0.596684	
0.000849	-0.000522	-0.219034	0.046828	0.550656	-0.211933	-0.404179	-0.000108	0.105406	-0.001095	-0.013173	-0.025637	-0.000040	0.104532	-0.001058	-0.047068	0.003400	0.075611	-0.196796	0.569995	0.209510	
-0.159252	-0.285344	-0.000468	-0.001832	0.000974	0.000352	-0.000784	0.416872	-0.005807	0.100358	-0.014158	0.002761	-0.139081	-0.003072	0.191645	-0.005504	0.040316	-0.198865	0.734047	0.224473	0.150397	
0.002704	0.004832	-0.016163	-0.038723	0.063285	0.034480	-0.041358	-0.007039	-0.352319	-0.031059	-0.341374	0.136656	0.001952	-0.307648	0.000043	-0.471058	0.033128	0.006096	-0.053208	-0.237834	0.594872	
-0.000404	-0.000687	0.083045	0.205190	-0.535048	-0.240459	0.381170	-0.000078	-0.187339	-0.004092	-0.046314	-0.006861	0.000009	0.099105	-0.001003	-0.035261	0.002558	0.075584	-0.196786	0.570001	0.209513	
0.498619	-0.277399	-0.563687	0.177777	-0.237230	0.269090	-0.137049	0.110711	-0.001730	0.044400	0.000753	0.003256	0.227174	0.004089	-0.036056	-0.000982	-0.081841	0.312279	0.077422	-0.015188	0.001447	
0.000262	-0.000466	0.000399	-0.000050	0.007570	-0.013385	-0.006192	-0.033977	-0.001946	0.375731	0.007717	0.593649	-0.090131	0.182402	-0.465774	0.251279	-0.359611	-0.127965	0.032059	-0.040766	0.187214	
-0.309567	0.170799	0.332747	-0.102807	-0.207267	0.398350	-0.373217	0.374734	0.015904	0.103755	-0.003247	0.000028	0.426264	0.037446	-0.055034	-0.012925	-0.041595	0.201668	-0.122784	0.126194	0.040240	
0.493905	-0.274068	0.568214	-0.179486	0.237428	-0.269438	0.136811	0.111653	0.001670	0.031167	-0.006482	0.016554	0.230006	0.001534	-0.020641	-0.000164	-0.070495	0.316380	0.075921	-0.016078	0.000979	
-0.016686	0.009579	-0.018488	0.005930	-0.000162	-0.004215	-0.010677	0.030199	-0.002026	-0.373061	0.071953	0.592656	0.082719	0.191930	0.461509	0.300493	0.322604	0.118371	-0.058093	-0.094234	0.159079	
0.306971	-0.168962	0.335779	-0.103926	-0.207326	0.398569	-0.373232	-0.374538	0.015897	-0.102619	0.015618	-0.000323	-0.426167	0.038519	0.054217	-0.007270	0.043058	-0.157847	0.008721	0.204180	0.081194	
0.274035	0.496868	-0.170135	-0.562729	-0.235518	-0.269099	-0.152309	-0.111036	0.006333	-0.003601	0.026969	-0.003997	0.232483	-0.003423	0.045926	-0.005138	-0.007617	-0.182573	0.258434	0.092157	0.057823	
-0.036188	-0.065172	0.024243	0.073631	-0.047312	-0.052601	-0.011273	0.073629	0.140202	-0.509063	0.648312	0.036908	0.074698	-0.057258	-0.184853	-0.281548	-0.321921	-0.118988	0.028773	-0.042715	0.186187	
0.170148	0.305716	-0.102005	-0.330465	0.196246	0.375783	0.391673	0.391484	-0.010825	-0.054150	0.097398	0.006372	-0.425136	0.040414	-0.024733	-0.036045	-0.039847	0.201302	-0.122651	0.126273	0.040281	
0.273300	0.494832	0.171514	0.568974	0.233897	0.267319	0.151918	-0.113131	-0.001662	0.012348	-0.008147	0.005330	0.229659	0.002702	0.052034	-0.004329	0.003588	-0.178521	0.256951	0.091278	0.057360	
0.026947	0.048382	0.018691	0.055440	-0.055335	-0.061858	-0.016509	-0.069537	0.140287	0.611218	0.553750	0.039813	-0.080976	-0.053464	0.183727	-0.232434	0.358842	0.126825	-0.061188	-0.096069	0.158112	
-0.169066	-0.303383	-0.102417	-0.332963	0.196408	0.376152	0.391898	-0.391034	-0.010751	0.070256	0.086173	0.006578	0.425044	0.041067	0.023923	-0.030468	0.044630	-0.157447	0.008575	0.204093	0.081149	
-0.000149	0.000507	0.000221	0.000073	-0.001870	0.000133	0.002254	0.014498	0.013801	-0.195284	0.010497	-0.000655	0.014561	-0.004126	-0.671914	0.045171	0.687673	0.076479	0.163630	0.035931	0.028238	
-0.000048	0.000000	0.014147	0.003428	-0.119397	0.000645	0.132980	-0.000332	0.845170	-0.027066	-0.353910	0.033364	-0.000687	0.171087	0.009373	-0.249659	0.006638	-0.000280	-0.014671	-0.068481	0.172629	
-0.000020	0.000004	0.005142	0.000543	-0.031919	0.012178	0.042274	-0.000001	0.272495	0.000654	0.009326	0.099484	0.000103	-0.860120	0.008739	0.370794	-0.026528	0.021439	-0.056857	0.165290	0.060773	

step=20

-0.288894	0.154107	-0.001336	0.000512	0.000049	0.000270	0.000353	-0.419840	0.000482	-0.065459	0.031531	-0.008639	-0.130968	0.001485	-0.009324	0.519948	0.096356	-0.425840	-0.031262	-0.167561	0.451555	
0.004778	-0.002553	0.004906	-0.001233	-0.000440	0.003415	0.015592	0.007080	0.028042	0.031162	0.062439	-0.514363	0.002057	0.174570	-0.000139	-0.074488	0.480688	-0.195198	-0.365802	0.538290	-0.025645	
0.000882	-0.000493	-0.219487	0.041780	0.546003	-0.210983	-0.409476	-0.000153	0.111424	-0.007218	-0.015842	-0.026507	-0.000041	0.104308	-0.000778	0.006105	-0.042637	-0.055654	0.532270	0.338789	0.111493	
-0.155711	-0.287273	-0.000560	-0.002275	0.000944	0.000324	-0.000845	0.415612	-0.005828	0.096311	-0.050090	0.002805	-0.140999	-0.002563	0.190597	-0.441458	-0.141251	-0.558898	-0.036745	-0.148169	0.319279	
0.002670	0.004927	-0.015866	-0.040675	0.064905	0.035835	-0.042350	-0.007007	-0.353567	-0.142201	-0.305657	0.140657	0.002065	-0.308139	-0.001241	0.065354	-0.424852	0.100857	-0.353601	0.495141	0.268673	
-0.000501	-0.000962	0.077245	0.206650	-0.529665	-0.241401	0.385626	-0.000045	-0.193864	-0.019467	-0.042168	-0.008274	0.000017	0.097947	-0.000726	0.004546	-0.030710	-0.059507	0.532112	0.339351	0.107663	
0.502108	-0.271263	-0.567971	0.163748	-0.238594	0.268982	-0.134467	0.110369	-0.001829	0.043801	-0.015075	0.002949	0.226957	0.003782	-0.036115	0.266546	0.058032	-0.105115	-0.008306	-0.051226	0.149050	
0.000353	-0.000473	0.000343	-0.000004	0.007409	-0.013376	-0.006586	-0.034935	-0.002288	0.345165	-0.114929	0.591311	-0.091434	0.190218	-0.473440	0.009561	0.102318	-0.328636	-0.117222	0.195650	-0.277903	
-0.311596	0.166916	0.335156	-0.094523	-0.211913	0.398520	-0.370419	0.373989	0.016605	0.100707	-0.041260	-0.000715	0.425765	0.037704	-0.054985	0.191887	0.036951	0.013296	0.155466	0.093894	0.061563	
0.497239	-0.267966	0.572584	-0.165550	0.238828	-0.269277	0.134181	0.111382	0.001756	0.029286	-0.017524	0.016780	0.229855	0.000948	-0.020419	0.264955	0.062904	-0.097262	-0.007982	-0.052371	0.156857	
-0.016888	0.009379	-0.018686	0.005513	-0.000384	-0.004199	-0.011017	0.031139	-0.002371	-0.315934	0.188139	0.590526	0.084205	0.197269	0.470591	-0.086377	0.395329	0.143656	-0.097759	0.126816	0.191619	
0.308912	-0.165103	0.338247	-0.095681	-0.211987	0.398697	-0.370337	-0.373892	0.016600	-0.096481	0.050226	-0.000966	-0.425695	0.039354	0.054356	-0.189220	-0.055189	-0.047644	0.152955	0.102775	0.000980	
0.268144	0.500890	-0.156089	-0.565872	-0.236675	-0.269371	-0.150404	-0.110763	0.006731	0.006871	0.026716	-0.004188	0.232189	-0.002921	0.047089	-0.236255	-0.090512	-0.211967	-0.012709	-0.035653	0.042825	
-0.036643	-0.067999	0.023242	0.076720	-0.048876	-0.054640	-0.013002	0.077856	0.143212	-0.263032	0.782385	0.035999	0.080631	-0.048829	-0.169425	0.084119	-0.377608	-0.170416	-0.110702	0.172591	-0.120611	
0.166323	0.307801	-0.093682	-0.332152	0.199968	0.375111	0.389388	0.392474	-0.010516	-0.019186	0.115097	0.005795	-0.424210	0.041740	-0.025052	0.194557	0.015417	0.020135	0.155748	0.092897	0.068362	
0.266897	0.497464	0.157786	0.573673	0.234971	0.267508	0.150000	-0.112925	-0.001965	0.009582	-0.012888	0.005321	0.229138	0.003382	0.052683	-0.237879	-0.085699	-0.204211	-0.012390	-0.036783	0.050535	
0.027531	0.050906	0.018194	0.058594	-0.056929	-0.063911	-0.018124	-0.073983	0.143284	0.764114	0.313301	0.038688	-0.086865	-0.046283	0.167372	-0.012511	-0.084976	0.300817	-0.091282	0.103911	0.347858	
-0.164928	-0.304594	-0.094302	-0.335526	0.200134	0.375508	0.389743	-0.391914	-0.010455	0.099747	0.059864	0.005734	0.424079	0.043212	0.024382	-0.186044	-0.076474	-0.040650	0.153243	0.101756	0.007934	
-0.000225	0.000382	0.000232	0.000083	-0.001959	0.000108	0.002390	0.016529	0.013754	-0.195998	0.082811	-0.000733	0.020316	-0.001474	-0.668741	-0.328206	0.210189	0.268827	0.007105	-0.105726	0.520798	
-0.000053	-0.000005	0.014729	0.003784	-0.123664	0.000688	0.141059	-0.000329	0.841424	-0.147158	-0.329641	0.032994	-0.000759	0.168519	0.009664	0.036723	-0.227729	0.054738	-0.101423	0.139776	0.103222	
-0.000023	-0.000000	0.005405	0.000643	-0.032580	0.013169	0.043921	0.000028	0.272234	0.007292	0.016245	0.110169	0.000143	-0.859915	0.006488	-0.047933	0.332387	-0.127670	0.149657	0.114439	-0.078576	

