 Number_of_Atoms:            7
 Act_energy(kcal/mol):       0. 
 Initial_Temperature:        200
 Temperature_steps:          40
 Temperature_increment:      40
 Delta_Energy_rea:           0.
 Delta_Energy_pro:           0.
 Maxstep:                    1
 Npointsint:                 5 
 Maxtdev:                    0.5
 Rearrange(1=yes,0=no)       1
 SaddlePoint                 1
 ds(1=noexp,0=standard)      0
 isct_vtst(1=vtst_sct,0=sct) 1
 zerocurvature(1)            0
 reduced_mass                1.0
 minimum_frequency            50
 anim_freq(if_Maxstep=1)       2
 onlyrotors(0=yes,1=no)        0
 proj_rea_coo(0=yes(def),1=no)            1
 numrotors            0
 Step          20
 geometry
  1   6   0  -0.00101  -0.06199  -0.71085                             
  2   6   0  -0.00125  -0.07616   0.62153                             
  3   1   0   0.92307  -0.06207  -1.27704                             
  4   1   0  -0.92457  -0.03122  -1.27704                             
  5   1   0   0.92067  -0.13895   1.18835                             
  6   1   0  -0.92472  -0.10833   1.18838                             
  7   1   0   0.03233   1.98557   1.24091                             
 gradient
      1        6          -0.000001792   -0.000027022    0.000124511  
      2        6          -0.000048256   -0.002915969   -0.000937656  
      3        1          -0.000002844    0.000001769    0.000000912  
      4        1           0.000002595    0.000002427    0.000001085  
      5        1           0.000002695    0.000177556   -0.000039805  
      6        1           0.000003402    0.000180570   -0.000039604  
      7        1           0.000044200    0.002580669    0.000890557  
 Hessian
                1             2             3             4             5    
      1  0.648561E+00                                                        
      2 -0.884861E-02  0.116391E+00                                          
      3 -0.292564E-03 -0.128267E-01  0.849498E+00                            
      4 -0.114241E+00  0.108263E-02  0.442172E-03  0.646534E+00              
      5  0.108109E-02 -0.494099E-01  0.272933E-01 -0.915969E-02  0.928144E-01
      6  0.163447E-03  0.961626E-02 -0.555464E+00 -0.100032E-02 -0.499191E-01
      7 -0.271757E+00  0.494980E-03  0.127837E+00  0.435861E-02  0.311194E-03
      8  0.161982E-03 -0.374273E-01  0.883096E-03  0.941787E-04  0.618682E-02
      9  0.123203E+00  0.208376E-04 -0.131078E+00  0.298042E-01  0.239770E-03
     10 -0.271413E+00  0.728394E-02 -0.127660E+00  0.434756E-02 -0.252488E-03
     11  0.761549E-02 -0.377440E-01  0.515742E-02 -0.319534E-04  0.619146E-02
     12 -0.123057E+00  0.414791E-02 -0.131065E+00 -0.297797E-01  0.123040E-02
     13  0.427920E-02 -0.111638E-03  0.217047E-02 -0.269425E+00  0.147090E-01
     14  0.166408E-03  0.544523E-02 -0.291473E-02  0.146918E-01 -0.349601E-01
     15 -0.298274E-01  0.181757E-02 -0.129988E-01 -0.122643E+00  0.989987E-02
     16  0.428087E-02  0.147213E-03 -0.225797E-02 -0.270356E+00 -0.692219E-02
     17 -0.126254E-03  0.544703E-02 -0.285688E-02 -0.691113E-02 -0.340768E-01
     18  0.298692E-01  0.824862E-03 -0.130029E-01  0.123089E+00  0.584893E-02
     19  0.290972E-03 -0.485179E-04 -0.238595E-03 -0.121694E-02  0.233047E-03
     20 -0.501092E-04 -0.270238E-02 -0.147355E-01  0.234133E-03  0.132541E-01
     21 -0.591362E-04 -0.360074E-02 -0.589004E-02  0.878689E-04  0.540680E-02
                6             7             8             9            10    
      6  0.837700E+00                                                        
      7 -0.235107E-02  0.280153E+00                                          
      8 -0.328594E-03 -0.501441E-03  0.236206E-01                            
      9 -0.130200E-01 -0.138336E+00 -0.410362E-03  0.137774E+00              
     10  0.234009E-02 -0.152951E-01  0.699850E-03 -0.136206E-01  0.279797E+00
     11 -0.401014E-03 -0.765597E-04  0.360646E-02  0.701410E-04 -0.800873E-02
     12 -0.130168E-01  0.136154E-01 -0.383900E-03  0.997085E-02  0.138169E+00
     13 -0.126641E+00  0.107108E-02 -0.344434E-03 -0.215209E-03  0.150909E-02
     14  0.143288E-01 -0.161912E-03 -0.822039E-02 -0.158182E-03  0.119789E-03
     15 -0.130574E+00  0.211052E-03 -0.421419E-03  0.117542E-02  0.894048E-03
     16  0.127220E+00  0.150362E-02 -0.732371E-04 -0.869656E-03  0.107729E-02
     17  0.101493E-01  0.226984E-03  0.120248E-01  0.126160E-03 -0.143907E-03
     18 -0.130632E+00 -0.879986E-03  0.471104E-03 -0.484957E-02 -0.224357E-03
     19  0.268418E-03 -0.338476E-04 -0.368987E-04  0.344751E-04 -0.229052E-04
     20  0.165543E-01 -0.293245E-03  0.208990E-03  0.111636E-03  0.301548E-03
     21  0.500664E-02 -0.955008E-04  0.190075E-03  0.272703E-04  0.102000E-03
               11            12            13            14            15    
     11  0.239503E-01                                                        
     12 -0.503689E-02  0.137759E+00                                          
     13  0.417284E-03  0.871735E-03  0.277950E+00                            
     14  0.120218E-01  0.945019E-04 -0.157462E-01  0.280936E-01              
     15  0.437648E-03 -0.485104E-02  0.137473E+00 -0.993276E-02  0.137546E+00
     16  0.397115E-04  0.210995E-03 -0.154089E-01 -0.876888E-03  0.134958E-01
     17 -0.822718E-02 -0.164305E-03  0.146898E-02  0.242640E-02 -0.145615E-02
     18 -0.415977E-03  0.117547E-02 -0.135357E-01 -0.100884E-02  0.965081E-02
     19  0.447588E-04 -0.305575E-04  0.252821E-04  0.180701E-02  0.396717E-03
     20  0.201206E-03  0.112284E-03 -0.392983E-03 -0.480655E-02 -0.344769E-03
     21  0.188666E-03  0.274150E-04 -0.123105E-03 -0.408786E-03  0.519292E-04
               16            17            18            19            20    
     16  0.278928E+00                                                        
     17  0.744776E-02  0.271688E-01                                          
     18 -0.137910E+00 -0.538488E-02  0.137606E+00                            
     19 -0.247443E-04 -0.196243E-02 -0.407999E-03  0.982187E-03              
     20  0.237629E-03 -0.476305E-02 -0.335203E-03 -0.369727E-04 -0.139233E-02
     21  0.110332E-03 -0.413279E-03  0.520875E-04 -0.224584E-04 -0.136273E-02
               21                                                            
     21  0.724698E-03                                                        
 End
