 Number_of_Atoms:            7
 Act_energy(kcal/mol):       0. 
 Initial_Temperature:        200
 Temperature_steps:          40
 Temperature_increment:      40
 Delta_Energy_rea:           0.
 Delta_Energy_pro:           0.
 Maxstep:                    1
 Npointsint:                 5 
 Maxtdev:                    0.5
 Rearrange(1=yes,0=no)       1
 SaddlePoint                 1
 ds(1=noexp,0=standard)      0
 isct_vtst(1=vtst_sct,0=sct) 1
 zerocurvature(1)            0
 reduced_mass                1.0
 minimum_frequency            50
 anim_freq(if_Maxstep=1)       2
 onlyrotors(0=yes,1=no)        0
 proj_rea_coo(0=yes(def),1=no)            1
 numrotors            0
 Step           6
 geometry
  1   6   0  -0.00101  -0.06278  -0.71376                             
  2   6   0  -0.00089  -0.05413   0.62990                             
  3   1   0   0.92331  -0.06224  -1.27843                             
  4   1   0  -0.92479  -0.03144  -1.27844                             
  5   1   0   0.92000  -0.16087   1.19131                             
  6   1   0  -0.92480  -0.13046   1.19129                             
  7   1   0   0.02889   1.77708   1.17273                             
 gradient
      1        6          -0.000005316   -0.000299497   -0.001073533  
      2        6           0.000075746    0.004794146    0.002197455  
      3        1           0.000004397    0.000003443   -0.000044678  
      4        1          -0.000004261   -0.000002008   -0.000045070  
      5        1          -0.000022476   -0.000487224    0.000043980  
      6        1           0.000005820   -0.000492475    0.000043291  
      7        1          -0.000053910   -0.003516383   -0.001121444  
 Hessian
                1             2             3             4             5    
      1  0.649660E+00                                                        
      2 -0.893584E-02  0.112431E+00                                          
      3 -0.210920E-03 -0.739666E-02  0.791142E+00                            
      4 -0.112840E+00  0.115680E-02  0.945288E-03  0.649010E+00              
      5  0.115881E-02 -0.431303E-01  0.575905E-01 -0.100230E-01  0.421515E-01
      6  0.144003E-03  0.799757E-02 -0.486712E+00 -0.180334E-02 -0.107925E+00
      7 -0.273255E+00  0.442144E-03  0.127673E+00  0.455390E-02  0.101835E-02
      8 -0.340927E-03 -0.349690E-01  0.146042E-02  0.115940E-02  0.576781E-02
      9  0.123869E+00 -0.318006E-03 -0.131352E+00  0.295469E-01  0.636104E-03
     10 -0.272864E+00  0.747336E-02 -0.127474E+00  0.448429E-02 -0.977683E-03
     11  0.825625E-02 -0.353025E-01  0.571948E-02 -0.111564E-02  0.582179E-02
     12 -0.123731E+00  0.380528E-02 -0.131332E+00 -0.295086E-01  0.161262E-02
     13  0.431243E-02 -0.291840E-03  0.105248E-02 -0.269047E+00  0.254733E-01
     14 -0.772805E-03  0.385604E-02 -0.855673E-02  0.258756E-01 -0.292950E-01
     15 -0.296685E-01  0.295049E-02 -0.130111E-01 -0.121699E+00  0.168565E-01
     16  0.434922E-02  0.273583E-03 -0.133367E-02 -0.270537E+00 -0.174929E-01
     17  0.758142E-03  0.381961E-02 -0.852720E-02 -0.179052E-01 -0.278653E-01
     18  0.297463E-01  0.196638E-02 -0.130131E-01  0.122219E+00  0.128777E-01
     19  0.638060E-03 -0.118203E-03 -0.652261E-03 -0.562390E-02  0.843079E-03
     20 -0.123632E-03 -0.670501E-02 -0.402898E-01  0.852035E-03  0.465496E-01
     21 -0.148468E-03 -0.900506E-02 -0.157218E-01  0.299488E-03  0.183511E-01
                6             7             8             9            10    
      6  0.759540E+00                                                        
      7 -0.146958E-02  0.281334E+00                                          
      8 -0.115432E-02 -0.344472E-03  0.215488E-01                            
      9 -0.128426E-01 -0.138749E+00 -0.204221E-03  0.137754E+00              
     10  0.142982E-02 -0.150408E-01  0.744395E-03 -0.136069E-01  0.280939E+00
     11 -0.121553E-02 -0.123340E-03  0.382632E-02  0.717736E-04 -0.827971E-02
     12 -0.128380E-01  0.136015E-01 -0.378923E-03  0.100472E-01  0.138586E+00
     13 -0.124385E+00  0.984105E-03 -0.616289E-03 -0.217287E-03  0.149951E-02
     14  0.284923E-01 -0.210518E-03 -0.723500E-02 -0.544394E-04  0.159866E-03
     15 -0.129095E+00  0.222217E-03 -0.649342E-03  0.119958E-02  0.960079E-03
     16  0.125284E+00  0.147908E-02 -0.470567E-03 -0.897647E-03  0.100203E-02
     17  0.244144E-01  0.146987E-03  0.108034E-01 -0.256237E-03 -0.605431E-04
     18 -0.129106E+00 -0.941512E-03  0.592983E-03 -0.485062E-02 -0.243133E-03
     19  0.799482E-03 -0.547671E-04 -0.131541E-03  0.552466E-04 -0.200752E-04
     20  0.493901E-01 -0.929152E-03  0.257637E-03  0.125026E-03  0.940317E-03
     21  0.110538E-01 -0.336575E-03  0.333403E-03  0.441333E-04  0.348434E-03
               11            12            13            14            15    
     11  0.218888E-01                                                        
     12 -0.481734E-02  0.137732E+00                                          
     13  0.776400E-03  0.887523E-03  0.277342E+00                            
     14  0.107873E-01 -0.287535E-03 -0.272536E-01  0.317271E-01              
     15  0.559892E-03 -0.485229E-02  0.136282E+00 -0.165269E-01  0.135894E+00
     16  0.344978E-03  0.215805E-03 -0.150203E-01 -0.205419E-02  0.131838E-01
     17 -0.725020E-02 -0.602839E-04  0.260185E-02  0.137012E-02 -0.267186E-02
     18 -0.643135E-03  0.119943E-02 -0.132656E-01 -0.223840E-02  0.953429E-02
     19  0.141064E-03 -0.506855E-04 -0.705122E-04  0.425569E-02  0.719535E-03
     20  0.228532E-03  0.126178E-03 -0.689820E-03 -0.112105E-01 -0.518837E-03
     21  0.324856E-03  0.444770E-04 -0.354086E-03 -0.828363E-03  0.331410E-03
               16            17            18            19            20    
     16  0.278925E+00                                                        
     17  0.190737E-01  0.302138E-01                                          
     18 -0.136779E+00 -0.120576E-01  0.135904E+00                            
     19 -0.198487E-03 -0.461491E-02 -0.735913E-03  0.532968E-02              
     20  0.325438E-03 -0.110914E-01 -0.497893E-03 -0.375185E-03 -0.180288E-01
     21  0.326609E-03 -0.841151E-03  0.332047E-03 -0.135404E-03 -0.833478E-02
               21                                                            
     21  0.391594E-02                                                        
 End
