 Number_of_Atoms:            7
 Act_energy(kcal/mol):       0. 
 Initial_Temperature:        200
 Temperature_steps:          40
 Temperature_increment:      40
 Delta_Energy_rea:           0.
 Delta_Energy_pro:           0.
 Maxstep:                    1
 Npointsint:                 5 
 Maxtdev:                    0.5
 Rearrange(1=yes,0=no)       1
 SaddlePoint                 1
 ds(1=noexp,0=standard)      0
 isct_vtst(1=vtst_sct,0=sct) 1
 zerocurvature(1)            0
 reduced_mass                1.0
 minimum_frequency            50
 anim_freq(if_Maxstep=1)       2
 onlyrotors(0=yes,1=no)        0
 proj_rea_coo(0=yes(def),1=no)            1
 numrotors            0
 Step          12
 geometry
  1   6   0  -0.00100  -0.06227  -0.71195                             
  2   6   0  -0.00103  -0.06396   0.62576                             
  3   1   0   0.92315  -0.06234  -1.27747                             
  4   1   0  -0.92463  -0.03128  -1.27746                             
  5   1   0   0.92041  -0.14983   1.19009                             
  6   1   0  -0.92481  -0.11897   1.19012                             
  7   1   0   0.03004   1.86549   1.20098                             
 gradient
      1        6          -0.000000135    0.000047724    0.000130995  
      2        6          -0.000021195   -0.001155170   -0.000412830  
      3        1          -0.000002086    0.000003573    0.000007060  
      4        1           0.000002052   -0.000000286    0.000006842  
      5        1           0.000000671    0.000096562   -0.000014579  
      6        1           0.000001996    0.000093343   -0.000014506  
      7        1           0.000018699    0.000914254    0.000297018  
 Hessian
                1             2             3             4             5    
      1  0.649411E+00                                                        
      2 -0.895578E-02  0.115217E+00                                          
      3 -0.243312E-03 -0.963192E-02  0.823288E+00                            
      4 -0.113833E+00  0.112852E-02  0.639378E-03  0.647690E+00              
      5  0.113304E-02 -0.465541E-01  0.397708E-01 -0.963244E-02  0.700358E-01
      6  0.143008E-03  0.831920E-02 -0.524838E+00 -0.138781E-02 -0.755048E-01
      7 -0.272518E+00  0.549140E-03  0.127826E+00  0.446815E-02  0.600831E-03
      8 -0.286184E-04 -0.364323E-01  0.115081E-02  0.680064E-03  0.602987E-02
      9  0.123555E+00 -0.217384E-03 -0.131229E+00  0.296869E-01  0.435612E-03
     10 -0.272157E+00  0.735165E-02 -0.127635E+00  0.442810E-02 -0.550017E-03
     11  0.792719E-02 -0.367584E-01  0.545070E-02 -0.624801E-03  0.605964E-02
     12 -0.123412E+00  0.394124E-02 -0.131210E+00 -0.296554E-01  0.142859E-02
     13  0.431228E-02 -0.158353E-03  0.169071E-02 -0.269258E+00  0.201420E-01
     14 -0.303896E-03  0.466169E-02 -0.543949E-02  0.205167E-01 -0.324694E-01
     15 -0.297481E-01  0.239175E-02 -0.129779E-01 -0.122176E+00  0.135101E-01
     16  0.433101E-02  0.167581E-03 -0.186577E-02 -0.270528E+00 -0.121848E-01
     17  0.316622E-03  0.464457E-02 -0.539741E-02 -0.125722E-01 -0.312414E-01
     18  0.298079E-01  0.139466E-02 -0.129827E-01  0.122717E+00  0.946811E-02
     19  0.452995E-03 -0.827609E-04 -0.411530E-03 -0.296726E-02  0.491424E-03
     20 -0.885619E-04 -0.477879E-02 -0.259035E-01  0.504160E-03  0.281395E-01
     21 -0.102034E-03 -0.619755E-02 -0.100512E-01  0.176095E-03  0.108916E-01
                6             7             8             9            10    
      6  0.803164E+00                                                        
      7 -0.197969E-02  0.280752E+00                                          
      8 -0.772639E-03 -0.503024E-03  0.227136E-01                            
      9 -0.129412E-01 -0.138561E+00 -0.241403E-03  0.137781E+00              
     10  0.195280E-02 -0.151737E-01  0.720453E-03 -0.136174E-01  0.280384E+00
     11 -0.839964E-03 -0.915892E-04  0.375223E-02  0.795260E-04 -0.812634E-02
     12 -0.129368E-01  0.136126E-01 -0.377233E-03  0.100119E-01  0.138395E+00
     13 -0.125611E+00  0.102894E-02 -0.493719E-03 -0.216338E-03  0.150042E-02
     14  0.211743E-01 -0.177819E-03 -0.778514E-02 -0.101118E-03  0.133553E-03
     15 -0.129932E+00  0.215821E-03 -0.546904E-03  0.118634E-02  0.927047E-03
     16  0.126397E+00  0.148723E-02 -0.285629E-03 -0.889540E-03  0.104101E-02
     17  0.170171E-01  0.198081E-03  0.114894E-01 -0.801402E-04 -0.114698E-03
     18 -0.129995E+00 -0.911105E-03  0.524319E-03 -0.484822E-02 -0.233359E-03
     19  0.485876E-03 -0.447867E-04 -0.895270E-04  0.428684E-04 -0.232476E-04
     20  0.306068E-01 -0.575619E-03  0.232354E-03  0.124908E-03  0.585397E-03
     21  0.747857E-02 -0.201767E-03  0.263048E-03  0.391788E-04  0.210891E-03
               11            12            13            14            15    
     11  0.230483E-01                                                        
     12 -0.489893E-02  0.137759E+00                                          
     13  0.616735E-03  0.884651E-03  0.277647E+00                            
     14  0.114802E-01 -0.112457E-03 -0.216534E-01  0.299474E-01              
     15  0.490948E-03 -0.484994E-02  0.136887E+00 -0.133688E-01  0.136780E+00
     16  0.200460E-03  0.213829E-03 -0.152140E-01 -0.146415E-02  0.133470E-01
     17 -0.779642E-02 -0.106773E-03  0.204206E-02  0.194547E-02 -0.204260E-02
     18 -0.541087E-03  0.118630E-02 -0.134067E-01 -0.159880E-02  0.960810E-02
     19  0.983469E-04 -0.383367E-04 -0.169827E-04  0.294896E-02  0.547729E-03
     20  0.214432E-03  0.125566E-03 -0.495318E-03 -0.778017E-02 -0.434519E-03
     21  0.258805E-03  0.395400E-04 -0.227750E-03 -0.553664E-03  0.185285E-03
               16            17            18            19            20    
     16  0.278989E+00                                                        
     17  0.133299E-01  0.286741E-01                                          
     18 -0.137412E+00 -0.882438E-02  0.136846E+00                            
     19 -0.105532E-03 -0.319973E-02 -0.561478E-03  0.270481E-02              
     20  0.236657E-03 -0.771575E-02 -0.422822E-03 -0.166714E-03 -0.831156E-02
     21  0.209693E-03 -0.565750E-03  0.185654E-03 -0.651286E-04 -0.409647E-02
               21                                                            
     21  0.212293E-02                                                        
 End
