 Number_of_Atoms:            7
 Act_energy(kcal/mol):       0. 
 Initial_Temperature:        200
 Temperature_steps:          40
 Temperature_increment:      40
 Delta_Energy_rea:           0.
 Delta_Energy_pro:           0.
 Maxstep:                    1
 Npointsint:                 5 
 Maxtdev:                    0.5
 Rearrange(1=yes,0=no)       1
 SaddlePoint                 1
 ds(1=noexp,0=standard)      0
 isct_vtst(1=vtst_sct,0=sct) 1
 zerocurvature(1)            0
 reduced_mass                1.0
 minimum_frequency            50
 anim_freq(if_Maxstep=1)       2
 onlyrotors(0=yes,1=no)        0
 proj_rea_coo(0=yes(def),1=no)            1
 numrotors            0
 Step          13
 geometry
  1   6   0  -0.00100  -0.06219  -0.71177                             
  2   6   0  -0.00106  -0.06555   0.62519                             
  3   1   0   0.92317  -0.06227  -1.27741                             
  4   1   0  -0.92466  -0.03131  -1.27741                             
  5   1   0   0.92044  -0.14822   1.18989                             
  6   1   0  -0.92479  -0.11761   1.18990                             
  7   1   0   0.03045   1.88042   1.20583                             
 gradient
      1        6          -0.000000135    0.000047724    0.000130995  
      2        6          -0.000021195   -0.001155170   -0.000412830  
      3        1          -0.000002086    0.000003573    0.000007060  
      4        1           0.000002052   -0.000000286    0.000006842  
      5        1           0.000000671    0.000096562   -0.000014579  
      6        1           0.000001996    0.000093343   -0.000014506  
      7        1           0.000018699    0.000914254    0.000297018  
 Hessian
                1             2             3             4             5    
      1  0.649202E+00                                                        
      2 -0.891053E-02  0.115512E+00                                          
      3 -0.250040E-03 -0.100266E-01  0.827268E+00                            
      4 -0.113937E+00  0.111824E-02  0.609478E-03  0.647592E+00              
      5  0.111874E-02 -0.470154E-01  0.376052E-01 -0.950059E-02  0.739509E-01
      6  0.146768E-03  0.844104E-02 -0.529597E+00 -0.133285E-02 -0.713271E-01
      7 -0.272344E+00  0.540989E-03  0.127789E+00  0.445351E-02  0.549825E-03
      8 -0.232190E-05 -0.366141E-01  0.111237E-02  0.603643E-03  0.605671E-02
      9  0.123460E+00 -0.188466E-03 -0.131188E+00  0.297029E-01  0.411164E-03
     10 -0.271986E+00  0.731761E-02 -0.127602E+00  0.441783E-02 -0.497363E-03
     11  0.786033E-02 -0.369370E-01  0.540088E-02 -0.547572E-03  0.608134E-02
     12 -0.123318E+00  0.395435E-02 -0.131172E+00 -0.296725E-01  0.139911E-02
     13  0.431089E-02 -0.146827E-03  0.177037E-02 -0.269317E+00  0.193639E-01
     14 -0.235933E-03  0.477498E-02 -0.503559E-02  0.197078E-01 -0.328765E-01
     15 -0.297580E-01  0.230899E-02 -0.129780E-01 -0.122268E+00  0.130141E-01
     16  0.432638E-02  0.159113E-03 -0.192974E-02 -0.270548E+00 -0.114864E-01
     17  0.252368E-03  0.476181E-02 -0.499050E-02 -0.118403E-01 -0.316991E-01
     18  0.298155E-01  0.131685E-02 -0.129829E-01  0.122800E+00  0.899943E-02
     19  0.427347E-03 -0.785927E-04 -0.386767E-03 -0.266118E-02  0.451891E-03
     20 -0.826589E-04 -0.448275E-02 -0.240658E-01  0.458726E-03  0.255021E-01
     21 -0.955501E-04 -0.580616E-02 -0.935014E-02  0.160927E-03  0.989816E-02
                6             7             8             9            10    
      6  0.808616E+00                                                        
      7 -0.204137E-02  0.280600E+00                                          
      8 -0.711911E-03 -0.501439E-03  0.228716E-01                            
      9 -0.129512E-01 -0.138483E+00 -0.262939E-03  0.137760E+00              
     10  0.201683E-02 -0.151899E-01  0.715552E-03 -0.136167E-01  0.280234E+00
     11 -0.783607E-03 -0.896546E-04  0.373537E-02  0.783306E-04 -0.808483E-02
     12 -0.129475E-01  0.136118E-01 -0.376158E-03  0.100053E-01  0.138318E+00
     13 -0.125793E+00  0.103484E-02 -0.473328E-03 -0.216276E-03  0.150099E-02
     14  0.201589E-01 -0.174051E-03 -0.785368E-02 -0.108400E-03  0.129931E-03
     15 -0.130043E+00  0.215089E-03 -0.530953E-03  0.118450E-02  0.922364E-03
     16  0.126550E+00  0.148893E-02 -0.259477E-03 -0.887810E-03  0.104607E-02
     17  0.160275E-01  0.203883E-03  0.115747E-01 -0.532095E-04 -0.120056E-03
     18 -0.130104E+00 -0.906666E-03  0.516721E-03 -0.484802E-02 -0.232053E-03
     19  0.453250E-03 -0.433399E-04 -0.826290E-04  0.413199E-04 -0.233351E-04
     20  0.281952E-01 -0.529552E-03  0.229357E-03  0.123520E-03  0.539156E-03
     21  0.702622E-02 -0.184433E-03  0.252869E-03  0.378787E-04  0.193232E-03
               11            12            13            14            15    
     11  0.232040E-01                                                        
     12 -0.490235E-02  0.137741E+00                                          
     13  0.589886E-03  0.883920E-03  0.277722E+00                            
     14  0.115666E-01 -0.848121E-04 -0.208176E-01  0.296814E-01              
     15  0.482952E-03 -0.484966E-02  0.136994E+00 -0.128948E-01  0.136905E+00
     16  0.180483E-03  0.213571E-03 -0.152424E-01 -0.138343E-02  0.133699E-01
     17 -0.786418E-02 -0.114389E-03  0.196074E-02  0.202407E-02 -0.195570E-02
     18 -0.525501E-03  0.118442E-02 -0.134271E-01 -0.151324E-02  0.961674E-02
     19  0.913534E-04 -0.368090E-04 -0.987129E-05  0.277330E-02  0.524658E-03
     20  0.213871E-03  0.124251E-03 -0.476701E-03 -0.731682E-02 -0.424587E-03
     21  0.249302E-03  0.382580E-04 -0.211807E-03 -0.522126E-03  0.164841E-03
               16            17            18            19            20    
     16  0.279022E+00                                                        
     17  0.125533E-01  0.284504E-01                                          
     18 -0.137511E+00 -0.838228E-02  0.136969E+00                            
     19 -0.923552E-04 -0.300997E-02 -0.538348E-03  0.240273E-02              
     20  0.236391E-03 -0.724772E-02 -0.411981E-03 -0.145360E-03 -0.689802E-02
     21  0.194934E-03 -0.531424E-03  0.164975E-03 -0.573038E-04 -0.354062E-02
               21                                                            
     21  0.191797E-02                                                        
 End
