 Number_of_Atoms:            7
 Act_energy(kcal/mol):       0. 
 Initial_Temperature:        200
 Temperature_steps:          40
 Temperature_increment:      40
 Delta_Energy_rea:           0.
 Delta_Energy_pro:           0.
 Maxstep:                    1
 Npointsint:                 5 
 Maxtdev:                    0.5
 Rearrange(1=yes,0=no)       1
 SaddlePoint                 1
 ds(1=noexp,0=standard)      0
 isct_vtst(1=vtst_sct,0=sct) 1
 zerocurvature(1)            0
 reduced_mass                1.0
 minimum_frequency            50
 anim_freq(if_Maxstep=1)       2
 onlyrotors(0=yes,1=no)        0
 proj_rea_coo(0=yes(def),1=no)            1
 numrotors            0
 Step          21
 geometry
  1   6   0  -0.00101  -0.06201  -0.71080                             
  2   6   0  -0.00127  -0.07759   0.62107                             
  3   1   0   0.92306  -0.06206  -1.27704                             
  4   1   0  -0.92456  -0.03121  -1.27704                             
  5   1   0   0.92069  -0.13794   1.18812                             
  6   1   0  -0.92470  -0.10731   1.18815                             
  7   1   0   0.03259   2.00070   1.24617                             
 gradient
      1        6          -0.000002278   -0.000055835    0.000094409  
      2        6          -0.000049322   -0.002982477   -0.000947500  
      3        1          -0.000002874    0.000000831   -0.000001521  
      4        1           0.000002589    0.000002043   -0.000001310  
      5        1           0.000002526    0.000170843   -0.000041955  
      6        1           0.000003351    0.000174507   -0.000041744  
      7        1           0.000046009    0.002690089    0.000939621  
 Hessian
                1             2             3             4             5    
      1  0.648467E+00                                                        
      2 -0.884775E-02  0.116427E+00                                          
      3 -0.299132E-03 -0.132273E-01  0.851851E+00                            
      4 -0.114255E+00  0.107944E-02  0.426679E-03  0.646399E+00              
      5  0.107770E-02 -0.496524E-01  0.263291E-01 -0.912772E-02  0.949387E-01
      6  0.166488E-03  0.982594E-02 -0.558190E+00 -0.960014E-03 -0.476308E-01
      7 -0.271689E+00  0.483160E-03  0.127839E+00  0.434598E-02  0.290749E-03
      8  0.177089E-03 -0.375011E-01  0.857023E-03  0.275467E-04  0.619952E-02
      9  0.123175E+00  0.522728E-04 -0.131065E+00  0.298145E-01  0.218272E-03
     10 -0.271346E+00  0.729204E-02 -0.127663E+00  0.433767E-02 -0.231322E-03
     11  0.759655E-02 -0.378179E-01  0.513203E-02  0.353647E-04  0.620175E-02
     12 -0.123027E+00  0.417995E-02 -0.131051E+00 -0.297907E-01  0.120982E-02
     13  0.427342E-02 -0.110103E-03  0.221101E-02 -0.269427E+00  0.141580E-01
     14  0.214084E-03  0.552117E-02 -0.268601E-02  0.140846E-01 -0.351784E-01
     15 -0.298354E-01  0.175959E-02 -0.130009E-01 -0.122680E+00  0.951479E-02
     16  0.427358E-02  0.148346E-03 -0.229113E-02 -0.270317E+00 -0.637643E-02
     17 -0.171161E-03  0.552442E-02 -0.262744E-02 -0.630941E-02 -0.343372E-01
     18  0.298753E-01  0.766214E-03 -0.130051E-01  0.123109E+00  0.545524E-02
     19  0.276905E-03 -0.451343E-04 -0.223302E-03 -0.108286E-02  0.209030E-03
     20 -0.465133E-04 -0.250142E-02 -0.137774E-01  0.210191E-03  0.118279E-01
     21 -0.551183E-04 -0.335664E-02 -0.553847E-02  0.799982E-04  0.490354E-02
                6             7             8             9            10    
      6  0.840771E+00                                                        
      7 -0.238088E-02  0.280103E+00                                          
      8 -0.278131E-03 -0.495453E-03  0.236974E-01                            
      9 -0.130275E-01 -0.138321E+00 -0.434061E-03  0.137776E+00              
     10  0.237164E-02 -0.153079E-01  0.698884E-03 -0.136209E-01  0.279748E+00
     11 -0.350561E-03 -0.756358E-04  0.358709E-02  0.684316E-04 -0.801156E-02
     12 -0.130244E-01  0.136156E-01 -0.385824E-03  0.996635E-02  0.138153E+00
     13 -0.126725E+00  0.107552E-02 -0.327934E-03 -0.215182E-03  0.151033E-02
     14  0.136539E-01 -0.161450E-03 -0.825945E-02 -0.164849E-03  0.119609E-03
     15 -0.130626E+00  0.210801E-03 -0.407455E-03  0.117452E-02  0.890585E-03
     16  0.127279E+00  0.150563E-02 -0.490308E-04 -0.866521E-03  0.108116E-02
     17  0.946577E-02  0.228648E-03  0.120717E-01  0.149382E-03 -0.145764E-03
     18 -0.130681E+00 -0.876672E-03  0.466631E-03 -0.485015E-02 -0.223651E-03
     19  0.248764E-03 -0.326804E-04 -0.311019E-04  0.339554E-04 -0.226649E-04
     20  0.153139E-01 -0.270019E-03  0.204746E-03  0.110551E-03  0.278113E-03
     21  0.477842E-02 -0.866153E-04  0.181817E-03  0.259368E-04  0.928184E-04
               11            12            13            14            15    
     11  0.240277E-01                                                        
     12 -0.506184E-02  0.137760E+00                                          
     13  0.394807E-03  0.869394E-03  0.277969E+00                            
     14  0.120694E-01  0.117691E-03 -0.151389E-01  0.279010E-01              
     15  0.433262E-03 -0.485159E-02  0.137521E+00 -0.957301E-02  0.137610E+00
     16  0.216822E-04  0.210727E-03 -0.154304E-01 -0.816240E-03  0.135099E-01
     17 -0.826574E-02 -0.170971E-03  0.141024E-02  0.247037E-02 -0.139795E-02
     18 -0.401949E-03  0.117460E-02 -0.135478E-01 -0.949823E-03  0.965295E-02
     19  0.387881E-04 -0.300938E-04  0.289042E-04  0.169827E-02  0.382316E-03
     20  0.197727E-03  0.111168E-03 -0.386153E-03 -0.452409E-02 -0.329227E-03
     21  0.180623E-03  0.260385E-04 -0.113571E-03 -0.397910E-03  0.409891E-04
               16            17            18            19            20    
     16  0.278904E+00                                                        
     17  0.683195E-02  0.270235E-01                                          
     18 -0.137943E+00 -0.501505E-02  0.137668E+00                            
     19 -0.176670E-04 -0.184451E-02 -0.393133E-03  0.850063E-03              
     20  0.239727E-03 -0.448714E-02 -0.321262E-03 -0.253459E-04 -0.717754E-03
     21  0.100996E-03 -0.403740E-03  0.407247E-04 -0.185076E-04 -0.110769E-02
               21                                                            
     21  0.626367E-03                                                        
 End
