 Number_of_Atoms:            7
 Act_energy(kcal/mol):       0. 
 Initial_Temperature:        200
 Temperature_steps:          40
 Temperature_increment:      40
 Delta_Energy_rea:           0.
 Delta_Energy_pro:           0.
 Maxstep:                    1
 Npointsint:                 5 
 Maxtdev:                    0.5
 Rearrange(1=yes,0=no)       1
 SaddlePoint                 1
 ds(1=noexp,0=standard)      0
 isct_vtst(1=vtst_sct,0=sct) 1
 zerocurvature(1)            0
 reduced_mass                1.0
 minimum_frequency            50
 anim_freq(if_Maxstep=1)       2
 onlyrotors(0=yes,1=no)        0
 proj_rea_coo(0=yes(def),1=no)            1
 numrotors            0
 Step           9
 geometry
  1   6   0  -0.00101  -0.06250  -0.71276                             
  2   6   0  -0.00096  -0.05910   0.62774                             
  3   1   0   0.92324  -0.06230  -1.27791                             
  4   1   0  -0.92473  -0.03139  -1.27792                             
  5   1   0   0.92022  -0.15508   1.19072                             
  6   1   0  -0.92481  -0.12455   1.19071                             
  7   1   0   0.02953   1.82111   1.18676                             
 gradient
      1        6          -0.000001847   -0.000081395   -0.000303630  
      2        6           0.000021702    0.001556186    0.000675415  
      3        1           0.000000699    0.000002602   -0.000011399  
      4        1          -0.000000667   -0.000002855   -0.000011739  
      5        1          -0.000008674   -0.000147285    0.000013395  
      6        1           0.000003812   -0.000152767    0.000012674  
      7        1          -0.000015024   -0.001174486   -0.000374716  
 Hessian
                1             2             3             4             5    
      1  0.649509E+00                                                        
      2 -0.893191E-02  0.114144E+00                                          
      3 -0.227442E-03 -0.848980E-02  0.808603E+00                            
      4 -0.113457E+00  0.114042E-02  0.776988E-03  0.648340E+00              
      5  0.114212E-02 -0.450245E-01  0.476258E-01 -0.977939E-02  0.570877E-01
      6  0.143548E-03  0.807498E-02 -0.507554E+00 -0.158024E-02 -0.901907E-01
      7 -0.272813E+00  0.503979E-03  0.127730E+00  0.451052E-02  0.785353E-03
      8 -0.172770E-03 -0.358088E-01  0.129532E-02  0.917206E-03  0.592175E-02
      9  0.123670E+00 -0.274738E-03 -0.131272E+00  0.296201E-01  0.532116E-03
     10 -0.272438E+00  0.739206E-02 -0.127537E+00  0.445664E-02 -0.738628E-03
     11  0.806857E-02 -0.361377E-01  0.557480E-02 -0.867086E-03  0.596129E-02
     12 -0.123532E+00  0.386315E-02 -0.131254E+00 -0.295854E-01  0.151487E-02
     13  0.431656E-02 -0.210538E-03  0.141039E-02 -0.269178E+00  0.226625E-01
     14 -0.524586E-03  0.428193E-02 -0.684927E-02  0.231050E-01 -0.310284E-01
     15 -0.297089E-01  0.265700E-02 -0.129838E-01 -0.121963E+00  0.151158E-01
     16  0.434290E-02  0.206062E-03 -0.163270E-02 -0.270564E+00 -0.147267E-01
     17  0.524086E-03  0.425641E-02 -0.681333E-02 -0.151809E-01 -0.297091E-01
     18  0.297775E-01  0.166834E-02 -0.129876E-01  0.122500E+00  0.111214E-01
     19  0.539649E-03 -0.100077E-03 -0.520705E-03 -0.410778E-02  0.654716E-03
     20 -0.105507E-03 -0.571181E-02 -0.323435E-01  0.664736E-03  0.367912E-01
     21 -0.123610E-03 -0.749894E-02 -0.125526E-01  0.232399E-03  0.142808E-01
                6             7             8             9            10    
      6  0.783438E+00                                                        
      7 -0.175347E-02  0.280973E+00                                          
      8 -0.955234E-03 -0.432836E-03  0.222081E-01                            
      9 -0.128954E-01 -0.138615E+00 -0.216649E-03  0.137754E+00              
     10  0.172048E-02 -0.151118E-01  0.730393E-03 -0.136122E-01  0.280593E+00
     11 -0.102302E-02 -0.105955E-03  0.379424E-02  0.768195E-04 -0.818262E-02
     12 -0.128913E-01  0.136071E-01 -0.376220E-03  0.100278E-01  0.138452E+00
     13 -0.125066E+00  0.100805E-02 -0.553964E-03 -0.216889E-03  0.149896E-02
     14  0.245854E-01 -0.191188E-03 -0.754065E-02 -0.780260E-04  0.144332E-03
     15 -0.129562E+00  0.218964E-03 -0.598948E-03  0.119231E-02  0.942537E-03
     16  0.125908E+00  0.148227E-02 -0.377646E-03 -0.894478E-03  0.102293E-02
     17  0.204840E-01  0.176308E-03  0.111847E-01 -0.166725E-03 -0.915626E-04
     18 -0.129601E+00 -0.925320E-03  0.556430E-03 -0.484921E-02 -0.238215E-03
     19  0.628043E-03 -0.496947E-04 -0.110384E-03  0.484326E-04 -0.220989E-04
     20  0.390246E-01 -0.735661E-03  0.240624E-03  0.127203E-03  0.746028E-03
     21  0.906535E-02 -0.262242E-03  0.295304E-03  0.424492E-04  0.272658E-03
               11            12            13            14            15    
     11  0.225448E-01                                                        
     12 -0.484784E-02  0.137733E+00                                          
     13  0.695792E-03  0.887104E-03  0.277519E+00                            
     14  0.111724E-01 -0.198189E-03 -0.243300E-01  0.307860E-01              
     15  0.522931E-03 -0.485086E-02  0.136612E+00 -0.148925E-01  0.136374E+00
     16  0.271818E-03  0.214875E-03 -0.151230E-01 -0.174585E-02  0.132723E-01
     17 -0.755360E-02 -0.839275E-04  0.230835E-02  0.168254E-02 -0.233259E-02
     18 -0.593123E-03  0.119218E-02 -0.133426E-01 -0.189477E-02  0.957671E-02
     19  0.119484E-03 -0.437568E-04 -0.411005E-04  0.354233E-02  0.626095E-03
     20  0.218536E-03  0.128153E-03 -0.572161E-03 -0.935392E-02 -0.471645E-03
     21  0.289428E-03  0.428808E-04 -0.284079E-03 -0.672595E-03  0.253501E-03
               16            17            18            19            20    
     16  0.278987E+00                                                        
     17  0.161061E-01  0.294022E-01                                          
     18 -0.137130E+00 -0.104024E-01  0.136415E+00                            
     19 -0.147686E-03 -0.384239E-02 -0.641037E-03  0.382871E-02              
     20  0.266244E-03 -0.926322E-02 -0.455786E-03 -0.263679E-03 -0.129214E-01
     21  0.261946E-03 -0.684986E-03  0.253827E-03 -0.970713E-04 -0.600899E-02
               21                                                            
     21  0.289463E-02                                                        
 End
