 Number_of_Atoms:            7
 Act_energy(kcal/mol):       0. 
 Initial_Temperature:        200
 Temperature_steps:          40
 Temperature_increment:      40
 Delta_Energy_rea:           0.
 Delta_Energy_pro:           0.
 Maxstep:                    1
 Npointsint:                 5 
 Maxtdev:                    0.5
 Rearrange(1=yes,0=no)       1
 SaddlePoint                 1
 ds(1=noexp,0=standard)      0
 isct_vtst(1=vtst_sct,0=sct) 1
 zerocurvature(1)            0
 reduced_mass                1.0
 minimum_frequency            50
 anim_freq(if_Maxstep=1)       2
 onlyrotors(0=yes,1=no)        0
 proj_rea_coo(0=yes(def),1=no)            1
 numrotors            0
 Step          10
 geometry
  1   6   0  -0.00100  -0.06243  -0.71245                             
  2   6   0  -0.00098  -0.06073   0.62703                             
  3   1   0   0.92318  -0.06236  -1.27772                             
  4   1   0  -0.92467  -0.03131  -1.27772                             
  5   1   0   0.92031  -0.15327   1.19050                             
  6   1   0  -0.92482  -0.12244   1.19052                             
  7   1   0   0.02958   1.83581   1.19145                             
 gradient
      1        6          -0.000001847   -0.000081395   -0.000303630  
      2        6           0.000021702    0.001556186    0.000675415  
      3        1           0.000000699    0.000002602   -0.000011399  
      4        1          -0.000000667   -0.000002855   -0.000011739  
      5        1          -0.000008674   -0.000147285    0.000013395  
      6        1           0.000003812   -0.000152767    0.000012674  
      7        1          -0.000015024   -0.001174486   -0.000374716  
 Hessian
                1             2             3             4             5    
      1  0.649567E+00                                                        
      2 -0.897085E-02  0.114539E+00                                          
      3 -0.232220E-03 -0.886437E-02  0.813969E+00                            
      4 -0.113595E+00  0.114005E-02  0.722183E-03  0.648065E+00              
      5  0.114535E-02 -0.455606E-01  0.447743E-01 -0.977390E-02  0.615628E-01
      6  0.141151E-03  0.813569E-02 -0.513834E+00 -0.151186E-02 -0.849400E-01
      7 -0.272752E+00  0.531872E-03  0.127797E+00  0.449670E-02  0.718493E-03
      8 -0.112700E-03 -0.360310E-01  0.124193E-02  0.836953E-03  0.596277E-02
      9  0.123661E+00 -0.261128E-03 -0.131271E+00  0.296456E-01  0.495968E-03
     10 -0.272383E+00  0.739153E-02 -0.127603E+00  0.444748E-02 -0.670504E-03
     11  0.803411E-02 -0.363604E-01  0.553937E-02 -0.784642E-03  0.600026E-02
     12 -0.123519E+00  0.389713E-02 -0.131250E+00 -0.296119E-01  0.148673E-02
     13  0.431512E-02 -0.189959E-03  0.151116E-02 -0.269188E+00  0.217922E-01
     14 -0.448171E-03  0.441525E-02 -0.634539E-02  0.222173E-01 -0.315461E-01
     15 -0.297235E-01  0.256606E-02 -0.129803E-01 -0.122023E+00  0.145613E-01
     16  0.433936E-02  0.190723E-03 -0.171808E-02 -0.270538E+00 -0.138029E-01
     17  0.452401E-03  0.439182E-02 -0.630871E-02 -0.142425E-01 -0.302448E-01
     18  0.297890E-01  0.157039E-02 -0.129847E-01  0.122568E+00  0.105287E-01
     19  0.509229E-03 -0.933585E-04 -0.477390E-03 -0.368827E-02  0.591308E-03
     20 -0.100140E-03 -0.539414E-02 -0.300371E-01  0.606712E-03  0.338257E-01
     21 -0.116094E-03 -0.704377E-02 -0.116496E-01  0.211622E-03  0.130931E-01
                6             7             8             9            10    
      6  0.790592E+00                                                        
      7 -0.183602E-02  0.280939E+00                                          
      8 -0.894370E-03 -0.470040E-03  0.223827E-01                            
      9 -0.129134E-01 -0.138628E+00 -0.217651E-03  0.137778E+00              
     10  0.180484E-02 -0.151347E-01  0.728072E-03 -0.136152E-01  0.280564E+00
     11 -0.959639E-03 -0.996662E-04  0.378179E-02  0.788499E-04 -0.817815E-02
     12 -0.129088E-01  0.136103E-01 -0.377379E-03  0.100232E-01  0.138462E+00
     13 -0.125248E+00  0.101555E-02 -0.534120E-03 -0.216640E-03  0.149942E-02
     14  0.233875E-01 -0.186402E-03 -0.762904E-02 -0.859536E-04  0.140828E-03
     15 -0.129692E+00  0.217763E-03 -0.581007E-03  0.119024E-02  0.937118E-03
     16  0.126078E+00  0.148388E-02 -0.344753E-03 -0.892893E-03  0.102947E-02
     17  0.192453E-01  0.184375E-03  0.112950E-01 -0.136900E-03 -0.100565E-03
     18 -0.129745E+00 -0.920413E-03  0.544236E-03 -0.484883E-02 -0.236458E-03
     19  0.571851E-03 -0.479478E-04 -0.103412E-03  0.464300E-04 -0.226571E-04
     20  0.360256E-01 -0.678632E-03  0.237891E-03  0.126815E-03  0.688794E-03
     21  0.850001E-02 -0.240637E-03  0.284239E-03  0.414802E-04  0.250568E-03
               11            12            13            14            15    
     11  0.227198E-01                                                        
     12 -0.487333E-02  0.137754E+00                                          
     13  0.669782E-03  0.886238E-03  0.277544E+00                            
     14  0.112836E-01 -0.169140E-03 -0.234112E-01  0.304997E-01              
     15  0.510956E-03 -0.485055E-02  0.136695E+00 -0.143687E-01  0.136514E+00
     16  0.246145E-03  0.214476E-03 -0.151541E-01 -0.164542E-02  0.132983E-01
     17 -0.764160E-02 -0.915705E-04  0.221605E-02  0.177443E-02 -0.223086E-02
     18 -0.575022E-03  0.119018E-02 -0.133646E-01 -0.178934E-02  0.958818E-02
     19  0.112423E-03 -0.418168E-04 -0.326232E-04  0.333310E-02  0.598364E-03
     20  0.216537E-03  0.127564E-03 -0.542688E-03 -0.879787E-02 -0.457704E-03
     21  0.278813E-03  0.418671E-04 -0.263828E-03 -0.628909E-03  0.229629E-03
               16            17            18            19            20    
     16  0.278973E+00                                                        
     17  0.151055E-01  0.291490E-01                                          
     18 -0.137223E+00 -0.983446E-02  0.136570E+00                            
     19 -0.133299E-03 -0.361532E-02 -0.612677E-03  0.341556E-02              
     20  0.250691E-03 -0.872383E-02 -0.444461E-03 -0.224736E-03 -0.113643E-01
     21  0.243130E-03 -0.642747E-03  0.230156E-03 -0.847605E-04 -0.534075E-02
               21                                                            
     21  0.260649E-02                                                        
 End
