 Number_of_Atoms:            7
 Act_energy(kcal/mol):       0. 
 Initial_Temperature:        200
 Temperature_steps:          40
 Temperature_increment:      40
 Delta_Energy_rea:           0.
 Delta_Energy_pro:           0.
 Maxstep:                    1
 Npointsint:                 5 
 Maxtdev:                    0.5
 Rearrange(1=yes,0=no)       1
 SaddlePoint                 1
 ds(1=noexp,0=standard)      0
 isct_vtst(1=vtst_sct,0=sct) 1
 zerocurvature(1)            0
 reduced_mass                1.0
 minimum_frequency            50
 anim_freq(if_Maxstep=1)       2
 onlyrotors(0=yes,1=no)        0
 proj_rea_coo(0=yes(def),1=no)            1
 numrotors            0
 Step          17
 geometry
  1   6   0  -0.00100  -0.06201  -0.71113                             
  2   6   0  -0.00117  -0.07175   0.62299                             
  3   1   0   0.92311  -0.06212  -1.27711                             
  4   1   0  -0.92461  -0.03127  -1.27712                             
  5   1   0   0.92059  -0.14244   1.18903                             
  6   1   0  -0.92475  -0.11187   1.18905                             
  7   1   0   0.03155   1.94032   1.22555                             
 gradient
      1        6          -0.000000656    0.000038355    0.000187929  
      2        6          -0.000041448   -0.002472677   -0.000832438  
      3        1          -0.000002698    0.000003441    0.000006786  
      4        1           0.000002544    0.000002351    0.000006813  
      5        1           0.000002991    0.000176793   -0.000031509  
      6        1           0.000003037    0.000177914   -0.000031295  
      7        1           0.000036231    0.002073824    0.000693714  
 Hessian
                1             2             3             4             5    
      1  0.648842E+00                                                        
      2 -0.885929E-02  0.116178E+00                                          
      3 -0.273576E-03 -0.116257E-01  0.841349E+00                            
      4 -0.114165E+00  0.109478E-02  0.499123E-03  0.646963E+00              
      5  0.109388E-02 -0.485367E-01  0.307981E-01 -0.926896E-02  0.861161E-01
      6  0.155538E-03  0.904933E-02 -0.546029E+00 -0.112851E-02 -0.576170E-01
      7 -0.271982E+00  0.521476E-03  0.127823E+00  0.439809E-02  0.390777E-03
      8  0.102643E-03 -0.371512E-01  0.972418E-03  0.304384E-03  0.614201E-02
      9  0.123298E+00 -0.709525E-04 -0.131121E+00  0.297675E-01  0.308714E-03
     10 -0.271633E+00  0.727667E-02 -0.127644E+00  0.437772E-02 -0.334447E-03
     11  0.769440E-02 -0.374691E-01  0.524719E-02 -0.244476E-03  0.615462E-02
     12 -0.123155E+00  0.405699E-02 -0.131107E+00 -0.297406E-01  0.129705E-02
     13  0.429512E-02 -0.119952E-03  0.202690E-02 -0.269401E+00  0.165296E-01
     14  0.919053E-05  0.518735E-02 -0.369086E-02  0.166787E-01 -0.342223E-01
     15 -0.298007E-01  0.200915E-02 -0.129889E-01 -0.122508E+00  0.111423E-01
     16  0.430200E-02  0.146524E-03 -0.214011E-02 -0.270460E+00 -0.871966E-02
     17  0.216822E-04  0.518401E-02 -0.363631E-02 -0.887496E-02 -0.332086E-01
     18  0.298486E-01  0.101786E-02 -0.129932E-01  0.122998E+00  0.711450E-02
     19  0.340538E-03 -0.601992E-04 -0.291722E-03 -0.171373E-02  0.308814E-03
     20 -0.624927E-04 -0.339214E-02 -0.180648E-01  0.310516E-03  0.175548E-01
     21 -0.729252E-04 -0.443670E-02 -0.711038E-02  0.112424E-03  0.695631E-02
                6             7             8             9            10    
      6  0.827157E+00                                                        
      7 -0.224244E-02  0.280321E+00                                          
      8 -0.486496E-03 -0.509084E-03  0.233502E-01                            
      9 -0.129941E-01 -0.138389E+00 -0.343791E-03  0.137768E+00              
     10  0.222600E-02 -0.152539E-01  0.704498E-03 -0.136195E-01  0.279963E+00
     11 -0.558793E-03 -0.807688E-04  0.366418E-02  0.745178E-04 -0.801856E-02
     12 -0.129908E-01  0.136143E-01 -0.379138E-03  0.998497E-02  0.138224E+00
     13 -0.126336E+00  0.105675E-02 -0.397003E-03 -0.215486E-03  0.150537E-02
     14  0.165581E-01 -0.164764E-03 -0.808555E-02 -0.137514E-03  0.121878E-03
     15 -0.130388E+00  0.212266E-03 -0.466152E-03  0.117867E-02  0.905263E-03
     16  0.126992E+00  0.149735E-02 -0.149770E-03 -0.878392E-03  0.106489E-02
     17  0.124041E-01  0.219889E-03  0.118609E-01  0.527424E-04 -0.136441E-03
     18 -0.130450E+00 -0.890645E-03  0.487354E-03 -0.484832E-02 -0.227036E-03
     19  0.333387E-03 -0.376331E-04 -0.556693E-04  0.366172E-04 -0.233961E-04
     20  0.206507E-01 -0.377525E-03  0.219444E-03  0.116283E-03  0.386408E-03
     21  0.569438E-02 -0.127442E-03  0.215804E-03  0.317824E-04  0.134869E-03
               11            12            13            14            15    
     11  0.236795E-01                                                        
     12 -0.496943E-02  0.137752E+00                                          
     13  0.488288E-03  0.877980E-03  0.277872E+00                            
     14  0.118559E-01  0.211451E-04 -0.177410E-01  0.287237E-01              
     15  0.453714E-03 -0.484987E-02  0.137298E+00 -0.111083E-01  0.137314E+00
     16  0.971392E-04  0.211974E-03 -0.153412E-01 -0.107615E-02  0.134481E-01
     17 -0.809388E-02 -0.143602E-03  0.166212E-02  0.227917E-02 -0.164859E-02
     18 -0.460808E-03  0.117864E-02 -0.134946E-01 -0.120355E-02  0.964090E-02
     19  0.639872E-04 -0.324858E-04  0.126209E-04  0.217208E-02  0.444763E-03
     20  0.208748E-03  0.116983E-03 -0.422092E-03 -0.573838E-02 -0.382179E-03
     21  0.213618E-03  0.320377E-04 -0.157169E-03 -0.439049E-03  0.934462E-04
               16            17            18            19            20    
     16  0.278986E+00                                                        
     17  0.946632E-02  0.276560E-01                                          
     18 -0.137777E+00 -0.658608E-02  0.137378E+00                            
     19 -0.495348E-04 -0.235860E-02 -0.457389E-03  0.147113E-02              
     20  0.235601E-03 -0.567761E-02 -0.369279E-03 -0.704145E-04 -0.317491E-02
     21  0.143414E-03 -0.442296E-03  0.941970E-04 -0.331700E-04 -0.206769E-02
               21                                                            
     21  0.116454E-02                                                        
 End
